0.8688980605176136
              precision    recall  f1-score   support

           0       0.87      0.94      0.90       290
           1       0.88      0.75      0.81        40
           2       0.87      0.81      0.84       386
           3       0.99      0.97      0.98       718
           4       0.81      0.71      0.76       254
           5       0.95      0.88      0.91        60
           6       0.73      0.62      0.67        82
           7       1.00      0.91      0.95        11
           8       0.99      0.99      0.99     10699

    accuracy                           0.98     12540
   macro avg       0.90      0.84      0.87     12540
weighted avg       0.97      0.98      0.97     12540

[[  272     0     1     0     2     0     0     0    15]
 [    2    30     0     0     5     1     1     0     1]
 [    0     0   313     4    11     0     1     0    57]
 [    0     0     4   698     0     1     0     0    15]
 [   18     3    10     0   181     0     7     0    35]
 [    1     1     3     0     0    53     0     0     2]
 [    0     0     0     0     6     0    51     0    25]
 [    0     0     0     0     0     1     0    10     0]
 [   19     0    27     4    19     0    10     0 10620]]
{'loss': [0.24757662415504456, 0.13422682881355286, 0.10936429351568222, 0.09252145886421204, 0.08041580766439438, 0.07272688299417496, 0.06636812537908554, 0.05984649807214737, 0.055428165942430496, 0.04935646802186966, 0.04367697983980179, 0.03927866369485855, 0.0342223085463047, 0.030353466048836708, 0.027426350861787796, 0.02396462857723236, 0.020957443863153458, 0.01942271552979946, 0.01721833273768425, 0.01565139926970005, 0.013557925820350647, 0.013678636401891708, 0.013204638846218586, 0.011871171183884144, 0.012275549583137035, 0.010407635010778904, 0.010212639346718788, 0.010124827735126019, 0.009264790453016758, 0.010032529942691326, 0.008554277941584587, 0.009007776156067848, 0.009446883574128151, 0.007938038557767868, 0.008429736830294132, 0.007042920682579279, 0.009709568694233894, 0.007640156429260969, 0.007309527602046728, 0.007486412767320871, 0.007674989756196737, 0.007428864017128944, 0.006541046313941479, 0.006948013789951801, 0.006541927810758352, 0.00583915738388896, 0.0073336586356163025, 0.005993822123855352, 0.006217538379132748, 0.007648250088095665, 0.005437338259071112, 0.006774724926799536, 0.006568264216184616, 0.00554813165217638, 0.00598757853731513, 0.00633679423481226, 0.006201945245265961, 0.006187202408909798, 0.004773484077304602, 0.0070434389635920525], 'accuracy': [0.9316526055335999, 0.9577092528343201, 0.9644148349761963, 0.968920886516571, 0.9732220768928528, 0.9751455783843994, 0.9769800901412964, 0.9787611365318298, 0.9800078272819519, 0.9822162985801697, 0.9840863943099976, 0.9859386682510376, 0.98802250623703, 0.9890109896659851, 0.9899371266365051, 0.9914243221282959, 0.9926264882087708, 0.9930272102355957, 0.9941670894622803, 0.9947013854980469, 0.9953247904777527, 0.9952802658081055, 0.9953158497810364, 0.996055006980896, 0.9957433342933655, 0.9966694712638855, 0.9965714812278748, 0.9968297481536865, 0.9968920946121216, 0.996918797492981, 0.9971681237220764, 0.9971235990524292, 0.9971948862075806, 0.9975154399871826, 0.9972749948501587, 0.9977024793624878, 0.9973908066749573, 0.9977825880050659, 0.9976668357849121, 0.9977202415466309, 0.9976490139961243, 0.998005211353302, 0.9980853796005249, 0.9979785084724426, 0.9980764985084534, 0.9982011318206787, 0.9981032013893127, 0.9981210231781006, 0.9982278943061829, 0.9983258247375488, 0.9984415769577026, 0.9981032013893127, 0.9982367753982544, 0.9984237551689148, 0.9982813000679016, 0.9982545971870422, 0.9982189536094666, 0.998308002948761, 0.9986196756362915, 0.9981833696365356], 'val_loss': [], 'val_accuracy': [], 'f1_score': [0.6562767027287546, 0.6146023245559574, 0.7187456710946073, 0.752742856253231, 0.8215880370022677, 0.8445754203185097, 0.8269734702541754, 0.8443903528733583, 0.8571868586048714, 0.8368598794003546, 0.8523602025289181, 0.8507896210301871, 0.8558337183726519, 0.8473828155096906, 0.8466135194921922, 0.8636085955974555, 0.8508502620174739, 0.8515914918995487, 0.8418745366987976, 0.8545435675734999, 0.8559604699017944, 0.8593210866326764, 0.8406834004077308, 0.8191767835272932, 0.8566110018553282, 0.8418773642984473, 0.8407624283526948, 0.8688980605176136, 0.8561615992276076, 0.8377018038808948, 0.8394216605912237, 0.8506590495020192, 0.8498654236935306, 0.8251474821921743, 0.821927369204648, 0.8508256856767635, 0.8409056776790991, 0.8470948016215787, 0.8589485173192349, 0.8317650737831656, 0.8285119840189371, 0.8547676351134446, 0.8093953263410609, 0.844761281258368, 0.8535755959685347, 0.8453176686747937, 0.8456376388130054, 0.8565624515824561, 0.8319365738672727, 0.8543332649775858, 0.8523500554560214, 0.8464467472562034, 0.8383045600202986, 0.8346333744151173, 0.8396641158848426, 0.8549652248144884, 0.8264216173396918, 0.8435720387378169, 0.8350266776403207, 0.8372599662461724]}
