0.8633999033456816
              precision    recall  f1-score   support

           0       0.81      0.97      0.88       290
           1       0.94      0.78      0.85        40
           2       0.74      0.88      0.80       386
           3       0.98      0.98      0.98       718
           4       0.57      0.86      0.69       254
           5       0.89      0.95      0.92        60
           6       0.70      0.73      0.71        82
           7       1.00      0.91      0.95        11
           8       0.99      0.97      0.98     10699

    accuracy                           0.96     12540
   macro avg       0.85      0.89      0.86     12540
weighted avg       0.97      0.96      0.97     12540

[[  281     1     0     0     3     1     0     0     4]
 [    0    31     0     1     6     0     2     0     0]
 [    0     0   338     8    17     0     0     0    23]
 [    0     0     6   705     0     0     0     0     7]
 [    9     1     9     0   219     0     1     0    15]
 [    0     0     0     0     2    57     0     0     1]
 [    0     0     0     0     7     0    60     0    15]
 [    0     0     1     0     0     0     0    10     0]
 [   56     0   102     9   128     6    23     0 10375]]
{'loss': [0.6862244606018066, 0.311648964881897, 0.22660531103610992, 0.18743160367012024, 0.16309574246406555, 0.14277784526348114, 0.12988223135471344, 0.1174674779176712, 0.10590989887714386, 0.09530110657215118, 0.08698193728923798, 0.08093764632940292, 0.071930430829525, 0.06696770340204239, 0.06062592193484306, 0.05620477348566055, 0.0512978732585907, 0.045823242515325546, 0.04233754798769951, 0.03761320933699608, 0.03697271645069122, 0.03265240788459778, 0.033089108765125275, 0.02966589294373989, 0.025752699002623558, 0.025875207036733627, 0.02598191425204277, 0.022855252027511597, 0.023146552965044975, 0.022425325587391853, 0.02250470407307148, 0.020300431177020073, 0.01912529580295086, 0.019301200285553932, 0.018578127026557922, 0.01807744987308979, 0.018684308975934982, 0.014971960335969925, 0.01649143174290657, 0.017392169684171677, 0.015208524651825428, 0.01662912219762802, 0.014744834043085575, 0.016036564484238625, 0.01429295539855957, 0.013820513151586056, 0.015675997361540794, 0.016089458018541336, 0.014269981533288956, 0.013627518899738789, 0.011685849167406559, 0.016626369208097458, 0.01219346933066845, 0.013409072533249855, 0.01563568040728569, 0.012389813549816608, 0.014070240780711174], 'accuracy': [0.7378222346305847, 0.8862333297729492, 0.9179111123085022, 0.9314666390419006, 0.9410222172737122, 0.9483444690704346, 0.9519333243370056, 0.9567221999168396, 0.9604222178459167, 0.964388906955719, 0.9674444198608398, 0.9696778059005737, 0.9730333089828491, 0.9751999974250793, 0.978255569934845, 0.979877769947052, 0.9814222455024719, 0.9833222031593323, 0.9845333099365234, 0.9863888621330261, 0.9867333173751831, 0.9887333512306213, 0.9884111285209656, 0.9894222021102905, 0.9909111261367798, 0.9911666512489319, 0.9910444617271423, 0.9922444224357605, 0.9922555685043335, 0.9925110936164856, 0.9925444722175598, 0.9930999875068665, 0.9934555292129517, 0.9937111139297485, 0.9939777851104736, 0.9941777586936951, 0.9939666390419006, 0.9950000047683716, 0.9947999715805054, 0.994533360004425, 0.9949555397033691, 0.9946777820587158, 0.9952333569526672, 0.9953555464744568, 0.9951888918876648, 0.9958111047744751, 0.9951666593551636, 0.9952333569526672, 0.9959111213684082, 0.9959333539009094, 0.9963333606719971, 0.9951000213623047, 0.9963444471359253, 0.996066689491272, 0.9958999752998352, 0.9960222244262695, 0.996055543422699], 'val_loss': [], 'val_accuracy': [], 'f1_score': [0.6214468448843898, 0.7139685371887278, 0.7993153651697336, 0.8099900307630075, 0.7635333695875334, 0.801026820035646, 0.8308664621984847, 0.8394562401547542, 0.8116258127267791, 0.8358305367506533, 0.8339739636163439, 0.7743448646977023, 0.8388256500929947, 0.7991870074771761, 0.8183115125824522, 0.8132995631965599, 0.8444771911695069, 0.8227439569345641, 0.8633999033456816, 0.8562456511398022, 0.8361865650075053, 0.8521252327317143, 0.8198388355284774, 0.814861226994675, 0.8288884166421743, 0.8335574190550364, 0.8235081474881226, 0.8088847509783124, 0.8381757180224155, 0.8106851183988764, 0.8268796467038765, 0.84685826325997, 0.824893099889148, 0.8166853115136585, 0.8118737453278765, 0.8106780694170906, 0.8462471594973526, 0.8064384652549579, 0.8319368151553502, 0.8297857948591296, 0.8242664597586876, 0.8495364484954726, 0.856681631468337, 0.8172115706444404, 0.842002412171498, 0.7999324629689446, 0.833610178868546, 0.8301131111082944, 0.8112297546185756, 0.7956487201068847, 0.814977253631755, 0.8239892064398925, 0.8062893398785976, 0.8246560648591025, 0.8309935243503207, 0.8411829846600845, 0.8178059962360414]}
