0.904243983866572
              precision    recall  f1-score   support

           0       0.94      0.91      0.92       290
           1       0.88      0.88      0.88        40
           2       0.88      0.86      0.87       386
           3       0.98      0.98      0.98       718
           4       0.86      0.76      0.81       254
           5       0.98      0.92      0.95        60
           6       0.77      0.71      0.74        82
           7       1.00      1.00      1.00        11
           8       0.99      0.99      0.99     10699

    accuracy                           0.98     12540
   macro avg       0.92      0.89      0.90     12540
weighted avg       0.98      0.98      0.98     12540

[[  265     1     0     0     5     0     0     0    19]
 [    1    35     0     0     2     0     1     0     1]
 [    0     0   331     4     4     1     2     0    44]
 [    0     1     6   706     0     0     0     0     5]
 [    9     2    12     0   192     0     6     0    33]
 [    2     0     0     0     1    55     0     0     2]
 [    0     0     0     0     3     0    58     0    21]
 [    0     0     0     0     0     0     0    11     0]
 [    6     1    26     8    15     0     8     0 10635]]
{'loss': [0.2701651453971863, 0.15112382173538208, 0.1256338655948639, 0.10997087508440018, 0.09924990683794022, 0.08913387358188629, 0.08297684788703918, 0.07881718128919601, 0.0753571093082428, 0.07358364015817642, 0.0704508051276207, 0.06953499466180801, 0.0667518898844719, 0.06653754413127899, 0.06521754711866379, 0.06383925676345825, 0.062314990907907486, 0.060802508145570755, 0.06020449101924896, 0.059424545615911484, 0.058813780546188354, 0.057550691068172455, 0.05670584365725517, 0.05643223226070404, 0.05607078969478607, 0.05548592656850815, 0.05426191911101341, 0.05296590179204941, 0.0529840812087059, 0.05231904238462448, 0.05248156562447548, 0.05215877667069435, 0.05142071098089218, 0.050589654594659805, 0.05021453648805618, 0.04994640871882439, 0.049286242574453354, 0.049653757363557816, 0.048313405364751816, 0.04742901772260666, 0.04757879674434662, 0.04742123559117317, 0.04661034792661667, 0.04554281756281853, 0.04543891176581383, 0.04559732973575592, 0.04627498984336853, 0.04357367008924484, 0.044892534613609314, 0.044308941811323166, 0.04431374743580818, 0.04416000843048096, 0.04300595074892044, 0.04660717770457268, 0.04182824119925499, 0.041125424206256866, 0.041153810918331146, 0.0416603684425354, 0.054072074592113495, 0.04012954607605934, 0.03947792574763298], 'accuracy': [0.9262828230857849, 0.9545211791992188, 0.9611733555793762, 0.9650025963783264, 0.9674782156944275, 0.9704347252845764, 0.9722335934638977, 0.9737741947174072, 0.9746024012565613, 0.9750476479530334, 0.9760717153549194, 0.9759470820426941, 0.9765615463256836, 0.9769978523254395, 0.9776301383972168, 0.9779151082038879, 0.9783247709274292, 0.9788590669631958, 0.9788145422935486, 0.9791796803474426, 0.9792954325675964, 0.9792687296867371, 0.9795358777046204, 0.9798030257225037, 0.9800078272819519, 0.9802215695381165, 0.9807825684547424, 0.9812901616096497, 0.9811298847198486, 0.9810497164726257, 0.9811922311782837, 0.9816998243331909, 0.9814059734344482, 0.9816909432411194, 0.9816464185714722, 0.9821361899375916, 0.9819046258926392, 0.982064962387085, 0.9828931093215942, 0.9828397035598755, 0.9831246733665466, 0.9827417135238647, 0.9830533862113953, 0.9831068515777588, 0.9826081395149231, 0.9830178022384644, 0.9837480187416077, 0.9841398596763611, 0.9834897518157959, 0.9838192462921143, 0.984015166759491, 0.9837480187416077, 0.9845584034919739, 0.9836589694023132, 0.9846830368041992, 0.9848344326019287, 0.9852262735366821, 0.9844337105751038, 0.9855379462242126, 0.98524409532547, 0.9852886199951172], 'val_loss': [], 'val_accuracy': [], 'f1_score': [0.6213436782008376, 0.7021426268309098, 0.7307356974835997, 0.7840432714423436, 0.8055691909665513, 0.8165612977614845, 0.8406419733158322, 0.8334894254443462, 0.8269819593775518, 0.8417391492006776, 0.8515713970581772, 0.8714525371582761, 0.8535782492128348, 0.8228035063326099, 0.8315810966752989, 0.8511820141886682, 0.8634607113219087, 0.8980598352396676, 0.8504818994465877, 0.8529119275930376, 0.8617975892008065, 0.8809799500156765, 0.857533224695874, 0.8737784964204103, 0.8698173018032485, 0.8761534183460011, 0.8784514768837928, 0.8832958627040609, 0.8811381800893351, 0.904243983866572, 0.853983024933616, 0.8848388008271824, 0.873159229197803, 0.8691680760663333, 0.8891740710029103, 0.876231265563939, 0.8832445459008729, 0.8903400004487642, 0.8708629274570531, 0.876122922749187, 0.8741005153088497, 0.8590754908147501, 0.8774121604348948, 0.8716606782606838, 0.8504527551518895, 0.8597045546093254, 0.8874962458257841, 0.8773014178634498, 0.8679282369898682, 0.8815484187534517, 0.8842813865400613, 0.8847088288834392, 0.8825927063283375, 0.8745278010012469, 0.8866218075935354, 0.8873715091093759, 0.8643371941921746, 0.887594079837679, 0.8676936772726718, 0.8847881354252405, 0.8747538055857509]}
