0.8811600611078898
              precision    recall  f1-score   support

           0       0.84      0.95      0.89       290
           1       0.85      0.85      0.85        40
           2       0.79      0.90      0.85       386
           3       0.98      0.99      0.98       718
           4       0.79      0.78      0.78       254
           5       0.84      0.95      0.89        60
           6       0.61      0.82      0.70        82
           7       1.00      1.00      1.00        11
           8       0.99      0.98      0.99     10699

    accuracy                           0.97     12540
   macro avg       0.86      0.91      0.88     12540
weighted avg       0.97      0.97      0.97     12540

[[  276     1     0     0     0     1     0     0    12]
 [    0    34     0     1     3     1     1     0     0]
 [    0     1   349     7     7     1     4     0    17]
 [    0     0     4   708     0     1     0     0     5]
 [   15     4     9     0   197     1     4     0    24]
 [    1     0     0     0     1    57     0     0     1]
 [    0     0     0     0     2     0    67     0    13]
 [    0     0     0     0     0     0     0    11     0]
 [   36     0    77    10    38     6    34     0 10498]]
{'loss': [1.1956329345703125, 0.7218452095985413, 0.6023389101028442, 0.5328167676925659, 0.47734370827674866, 0.44001251459121704, 0.4068835973739624, 0.3799901604652405, 0.35678333044052124, 0.33423978090286255, 0.31048479676246643, 0.29260218143463135, 0.27664580941200256, 0.2623249590396881, 0.2503131330013275, 0.23978020250797272, 0.2313816398382187, 0.22001098096370697, 0.21156395971775055, 0.2044968605041504, 0.199577197432518, 0.1899980753660202, 0.18712998926639557, 0.180404394865036, 0.17712821066379547, 0.1723356544971466, 0.1682741492986679, 0.16440030932426453, 0.16087667644023895, 0.15814869105815887, 0.15427100658416748, 0.1517498940229416, 0.1505427211523056, 0.1470719873905182, 0.14342385530471802, 0.14288847148418427, 0.13997261226177216, 0.13743336498737335, 0.13701480627059937, 0.13332496583461761, 0.13094179332256317, 0.12859512865543365, 0.12906518578529358, 0.12579473853111267, 0.12360163778066635, 0.12321969121694565, 0.1214837059378624, 0.11945022642612457, 0.11877945065498352, 0.11828213185071945, 0.11568204313516617, 0.11448878794908524, 0.11155259609222412, 0.11247818917036057, 0.11167074739933014, 0.10942939668893814, 0.10776811838150024, 0.10734008252620697, 0.10656317323446274, 0.10367336124181747, 0.1031583771109581, 0.10236024111509323, 0.10137437283992767, 0.1006794348359108, 0.09907211363315582, 0.09968752413988113, 0.09792935103178024, 0.09704047441482544, 0.09742200374603271, 0.09653536230325699, 0.09474804997444153, 0.09408065676689148, 0.09253473579883575, 0.09164367616176605, 0.09267251193523407, 0.0916338637471199, 0.08957701176404953, 0.08885405212640762, 0.08848162740468979, 0.08669423311948776, 0.08735223114490509, 0.08674155175685883, 0.0858030766248703, 0.08541460335254669, 0.08380363136529922, 0.0836118832230568, 0.0822497233748436, 0.08247646689414978, 0.08162151277065277, 0.08000033348798752, 0.08028336614370346, 0.07935266941785812, 0.07968612760305405, 0.07765517383813858, 0.07784020900726318, 0.07705514132976532, 0.07696935534477234, 0.0754586011171341, 0.07652150839567184, 0.07379952073097229, 0.07476647198200226, 0.0740605816245079, 0.07512355595827103, 0.07361382246017456, 0.07163036614656448], 'accuracy': [0.5395110845565796, 0.7367222309112549, 0.7832444310188293, 0.8084111213684082, 0.8270333409309387, 0.8405444622039795, 0.8530666828155518, 0.8625222444534302, 0.8717777729034424, 0.8802444338798523, 0.888522207736969, 0.8955222368240356, 0.9004666805267334, 0.9057777523994446, 0.9110666513442993, 0.913100004196167, 0.9174666404724121, 0.9215888977050781, 0.9242110848426819, 0.9267110824584961, 0.9289888739585876, 0.9315333366394043, 0.9330666661262512, 0.9354333281517029, 0.9364222288131714, 0.938966691493988, 0.9394222497940063, 0.9409111142158508, 0.9419333338737488, 0.9425666928291321, 0.9441444277763367, 0.9450555443763733, 0.9458000063896179, 0.9476222395896912, 0.9473444223403931, 0.9485222101211548, 0.949388861656189, 0.9508777856826782, 0.9507777690887451, 0.9520000219345093, 0.9519222378730774, 0.9532111287117004, 0.9529333114624023, 0.9537110924720764, 0.9545221924781799, 0.9548888802528381, 0.9549000263214111, 0.9561111330986023, 0.9570778012275696, 0.9561111330986023, 0.9574000239372253, 0.957955539226532, 0.9584888815879822, 0.9582333564758301, 0.9583777785301208, 0.9595000147819519, 0.9599778056144714, 0.9605888724327087, 0.9599999785423279, 0.9617778062820435, 0.9614444375038147, 0.9621888995170593, 0.9626666903495789, 0.962922215461731, 0.9633888602256775, 0.9625999927520752, 0.9638444185256958, 0.9645000100135803, 0.9639889001846313, 0.9642333388328552, 0.9643999934196472, 0.9646000266075134, 0.965233325958252, 0.9662555456161499, 0.9653000235557556, 0.9661111235618591, 0.966177761554718, 0.9666444659233093, 0.9668444395065308, 0.9671333432197571, 0.9671888947486877, 0.9676889181137085, 0.9684110879898071, 0.9677666425704956, 0.968833327293396, 0.9685778021812439, 0.9688555598258972, 0.968833327293396, 0.9701777696609497, 0.9701111316680908, 0.9694222211837769, 0.970466673374176, 0.9702000021934509, 0.9713000059127808, 0.9707777500152588, 0.9706222414970398, 0.9713888764381409, 0.9718999862670898, 0.9710888862609863, 0.9719889163970947, 0.9722222089767456, 0.9721333384513855, 0.9721999764442444, 0.972100019454956, 0.9732778072357178], 'val_loss': [], 'val_accuracy': [], 'f1_score': [0.5626098118093585, 0.5963057734279632, 0.6844873131672737, 0.7090646057559066, 0.6701415180391526, 0.7122205594691934, 0.7296403880738631, 0.7146136552742544, 0.7798654329458614, 0.7429576324139852, 0.7675725809323801, 0.7800152723066405, 0.7535148149139654, 0.7726358655203329, 0.8028056460123422, 0.7803887939440669, 0.761983151549434, 0.7896851536932088, 0.8296313286949163, 0.809923783046234, 0.8168574863820122, 0.8391123737030901, 0.7711190831834541, 0.8441427729555877, 0.8467592578054065, 0.8596832349463472, 0.8347518547782017, 0.8534834682509186, 0.8427957270668938, 0.8024379534411594, 0.8133817788634408, 0.8400975584494055, 0.868612846307827, 0.8598611318359378, 0.8617348364183852, 0.8560016602529723, 0.8514113726044944, 0.8147761845966497, 0.8561382902119292, 0.8602887063408817, 0.8397458076685332, 0.8527248466688522, 0.8352652282947002, 0.8529850909314602, 0.848010260578064, 0.8288544766571293, 0.8357432270228411, 0.8595643386167795, 0.8477838418632906, 0.8663633711053996, 0.8478193033676666, 0.8520966608954282, 0.8445282892155541, 0.854955548720827, 0.8301815661939704, 0.8491741285503496, 0.8649133810677869, 0.8505203259263677, 0.8468990969304335, 0.8509083463101972, 0.8380879547987284, 0.8374268837771671, 0.8231480853437821, 0.8521922092027232, 0.7864654923777014, 0.8811600611078898, 0.8210632087170606, 0.8487668642839119, 0.8387038304627217, 0.8490402528261006, 0.8143086671860412, 0.8753205815022578, 0.8033341559649197, 0.8566581607107591, 0.8513762312327148, 0.8421357056948613, 0.8327080076522552, 0.8753900398169785, 0.837158736557173, 0.8619703638972381, 0.8667330110345918, 0.8646659831592387, 0.841772020172392, 0.8445585620048859, 0.8401041066778894, 0.8446705722883431, 0.8567009894337816, 0.8456973476195198, 0.8279094581134786, 0.864765096845275, 0.8728721845628916, 0.8543467319379155, 0.8325694171459896, 0.8486244554296696, 0.8425460834819718, 0.8657696793940024, 0.857195727367897, 0.8565099638184088, 0.835759473388983, 0.8698082779996094, 0.867059221499218, 0.8351630126630608, 0.8442045084910008, 0.832309700047061, 0.8554461928828178]}
