0.869368604192873
              precision    recall  f1-score   support

           0       0.88      0.95      0.91       290
           1       0.92      0.85      0.88        40
           2       0.77      0.86      0.81       386
           3       0.96      0.99      0.98       718
           4       0.75      0.77      0.76       254
           5       0.88      0.97      0.92        60
           6       0.56      0.82      0.66        82
           7       0.91      0.91      0.91        11
           8       0.99      0.98      0.99     10699

    accuracy                           0.97     12540
   macro avg       0.85      0.90      0.87     12540
weighted avg       0.97      0.97      0.97     12540

[[  275     1     0     0     3     0     0     0    11]
 [    0    34     0     1     2     2     0     0     1]
 [    0     0   333    10    11     3     4     0    25]
 [    0     0     4   710     0     0     0     0     4]
 [   10     2    12     0   196     0    11     1    22]
 [    0     0     1     0     0    58     0     0     1]
 [    0     0     0     0     1     0    67     0    14]
 [    0     0     1     0     0     0     0    10     0]
 [   27     0    84    16    48     3    38     0 10483]]
{'loss': [0.662399411201477, 0.3000551462173462, 0.23736247420310974, 0.20453502237796783, 0.18542443215847015, 0.17192746698856354, 0.16775456070899963, 0.1555752456188202, 0.15309353172779083, 0.14541274309158325, 0.1407913714647293, 0.13300368189811707, 0.13134615123271942, 0.12815992534160614, 0.1292637139558792, 0.11985397338867188, 0.12186986953020096, 0.11636779457330704, 0.11775752156972885, 0.11429062485694885, 0.11690376698970795, 0.1155991181731224, 0.10752904415130615, 0.11274318397045135, 0.11105431616306305, 0.10720770061016083, 0.10807385295629501, 0.10830561816692352, 0.10382134467363358, 0.1030682921409607, 0.10460207611322403, 0.10387750715017319, 0.10251913964748383, 0.09883123636245728, 0.09837749600410461, 0.10083293169736862, 0.09768644720315933, 0.0984220802783966, 0.10020068287849426, 0.09898898750543594, 0.09639879316091537, 0.09684831649065018, 0.09740973263978958, 0.09851663559675217, 0.09348443150520325, 0.097645603120327, 0.09412170201539993, 0.09510692209005356, 0.09590135514736176, 0.09132163971662521, 0.09352031350135803, 0.09244691580533981, 0.09162356704473495, 0.0953107550740242, 0.10550850629806519, 0.08827091753482819, 0.08660226315259933, 0.09354176372289658, 0.0897010937333107, 0.08890245109796524, 0.09400592744350433, 0.09893389791250229, 0.08987978845834732, 0.08804056793451309, 0.09104783833026886, 0.0881446823477745], 'accuracy': [0.7467222213745117, 0.8920111060142517, 0.9165777564048767, 0.9271666407585144, 0.9337777495384216, 0.9388777613639832, 0.9406999945640564, 0.9454110860824585, 0.9457888603210449, 0.947700023651123, 0.9498222470283508, 0.9515888690948486, 0.9521666765213013, 0.9539333581924438, 0.9538333415985107, 0.956588864326477, 0.9567000269889832, 0.9585333466529846, 0.9579777717590332, 0.9600889086723328, 0.9578777551651001, 0.9593666791915894, 0.9613000154495239, 0.9597333073616028, 0.9609333276748657, 0.9617778062820435, 0.9617555737495422, 0.962922215461731, 0.9632777571678162, 0.9639222025871277, 0.9635888934135437, 0.9632889032363892, 0.9639333486557007, 0.9650111198425293, 0.9654555320739746, 0.9647777676582336, 0.9659666419029236, 0.9655666947364807, 0.9655777812004089, 0.9658777713775635, 0.9667333364486694, 0.966011106967926, 0.9665444493293762, 0.9662333130836487, 0.967377781867981, 0.9662111401557922, 0.9673333168029785, 0.9674555659294128, 0.966855525970459, 0.9682777523994446, 0.9685333371162415, 0.968144416809082, 0.9680777788162231, 0.9680333137512207, 0.9669444561004639, 0.9687222242355347, 0.970288872718811, 0.968322217464447, 0.9687222242355347, 0.9692444205284119, 0.967988908290863, 0.9680666923522949, 0.9689111113548279, 0.9701666831970215, 0.9691555500030518, 0.9695444703102112], 'val_loss': [], 'val_accuracy': [], 'f1_score': [0.776302629949101, 0.7485535923313038, 0.78828792840669, 0.811231139444893, 0.8053623733377734, 0.8129010198409414, 0.8243512027166724, 0.7547652293594624, 0.8425284057104425, 0.848712909053099, 0.8194077562973038, 0.8208771093296157, 0.8299589506661572, 0.8357671484802119, 0.847781669184321, 0.8110239576731835, 0.793759943148858, 0.8435580570366604, 0.8166297698243264, 0.8515940863161889, 0.8478712557837703, 0.8542361474921278, 0.8298259650019707, 0.8514066586938802, 0.8606165837811736, 0.850546697943086, 0.869368604192873, 0.8433187704477493, 0.8680754588866803, 0.8514770634077254, 0.8616306926534479, 0.8105038837481565, 0.8471878950419369, 0.8279928276591472, 0.8608016216403558, 0.8322676427052816, 0.8311977305411842, 0.7775325995460971, 0.8631531528037044, 0.8159888476020243, 0.8487048899015928, 0.8579928715624379, 0.837146871243266, 0.8334077212133506, 0.8490921376977467, 0.86168500402402, 0.8641154116247134, 0.8253665836050714, 0.8432740081242717, 0.8430178001341848, 0.8493629456474745, 0.8362369982330236, 0.8456767495258843, 0.8461350535564249, 0.8068349702508172, 0.8525057144500824, 0.8464852713476823, 0.8622777417799202, 0.851947022179387, 0.8432557219119067, 0.8483716478608844, 0.8571073441651996, 0.7907860168452218, 0.8517506610018437, 0.8493168416976654, 0.8220841504796951]}
