0.887255950671258
              precision    recall  f1-score   support

           0       0.83      0.97      0.89       290
           1       0.82      0.90      0.86        40
           2       0.78      0.89      0.83       386
           3       0.97      0.98      0.98       718
           4       0.76      0.81      0.79       254
           5       0.88      0.95      0.91        60
           6       0.68      0.82      0.74        82
           7       1.00      1.00      1.00        11
           8       0.99      0.98      0.99     10699

    accuracy                           0.97     12540
   macro avg       0.86      0.92      0.89     12540
weighted avg       0.97      0.97      0.97     12540

[[  280     1     1     0     1     0     0     0     7]
 [    1    36     0     1     1     1     0     0     0]
 [    0     0   345     9    16     0     2     0    14]
 [    0     0     5   707     0     1     0     0     5]
 [   16     5     9     0   206     0     3     0    15]
 [    0     1     0     0     1    57     0     0     1]
 [    0     0     0     0     2     0    67     0    13]
 [    0     0     0     0     0     0     0    11     0]
 [   41     1    84    15    43     6    26     0 10483]]
{'loss': [1.0481854677200317, 0.6336893439292908, 0.5155245065689087, 0.43879392743110657, 0.38851073384284973, 0.35139819979667664, 0.32540759444236755, 0.298769474029541, 0.2803006172180176, 0.2588239014148712, 0.23958875238895416, 0.22582243382930756, 0.2148742824792862, 0.20058022439479828, 0.19292216002941132, 0.18200166523456573, 0.174498051404953, 0.16803866624832153, 0.1629946529865265, 0.15745291113853455, 0.15192599594593048, 0.14616599678993225, 0.1431983858346939, 0.13934531807899475, 0.13620860874652863, 0.13182418048381805, 0.1298673152923584, 0.12545593082904816, 0.12356093525886536, 0.11943769454956055, 0.11873097717761993, 0.11389268934726715, 0.1137605831027031, 0.1114877387881279, 0.11006256192922592, 0.10689616203308105, 0.106474369764328, 0.10297278314828873, 0.10287317633628845, 0.09941669553518295, 0.0978013351559639, 0.09727796167135239, 0.09625277668237686, 0.09301862865686417, 0.09239721298217773, 0.09005390852689743, 0.08929940313100815, 0.0898413136601448, 0.08797834068536758, 0.08617107570171356, 0.08560214191675186, 0.08326370269060135, 0.0818655788898468, 0.08176005631685257, 0.08075698465108871, 0.077062226831913, 0.07839590311050415, 0.07791785150766373, 0.07628656923770905, 0.07432534545660019, 0.07455287873744965, 0.07383853197097778, 0.07393237203359604, 0.07155674695968628, 0.06952350586652756, 0.06849181652069092, 0.0691802054643631, 0.06907160580158234, 0.0682840570807457, 0.06628165394067764, 0.0648961290717125, 0.06517136842012405, 0.06514626741409302, 0.06552217155694962, 0.0630188062787056, 0.06065778061747551, 0.061808258295059204, 0.06178390979766846, 0.05967205762863159, 0.06030372902750969, 0.05962718650698662, 0.05911659076809883, 0.05790459364652634, 0.05881474167108536, 0.05701262503862381, 0.05567384883761406, 0.05683838948607445, 0.055097173899412155, 0.055734895169734955, 0.05362560227513313], 'accuracy': [0.5972999930381775, 0.7684000134468079, 0.8107222318649292, 0.8384888768196106, 0.8572221994400024, 0.8719444274902344, 0.8800888657569885, 0.8895666599273682, 0.8985666632652283, 0.9051777720451355, 0.9124888777732849, 0.9188777804374695, 0.9217000007629395, 0.9272888898849487, 0.9303555488586426, 0.9334222078323364, 0.93586665391922, 0.9382222294807434, 0.9410777688026428, 0.9423666596412659, 0.9442111253738403, 0.9458777904510498, 0.9472110867500305, 0.9488333463668823, 0.9504444599151611, 0.9513444304466248, 0.9520666599273682, 0.9537110924720764, 0.9540444612503052, 0.9561111330986023, 0.9557777643203735, 0.957111120223999, 0.9569000005722046, 0.9586222171783447, 0.9592666625976562, 0.9598333239555359, 0.9607999920845032, 0.9618555307388306, 0.9609888792037964, 0.9626666903495789, 0.9628221988677979, 0.9635555744171143, 0.963100016117096, 0.9648555517196655, 0.9654777646064758, 0.9654889106750488, 0.9668999910354614, 0.9657555818557739, 0.9669777750968933, 0.9681333303451538, 0.9677888751029968, 0.9692555665969849, 0.9688555598258972, 0.9691333174705505, 0.9696999788284302, 0.9707111120223999, 0.9707000255584717, 0.9701666831970215, 0.9711666703224182, 0.9720333218574524, 0.9725111126899719, 0.9717222452163696, 0.9720888733863831, 0.9729222059249878, 0.9738222360610962, 0.9736666679382324, 0.9735888838768005, 0.9743221998214722, 0.9742888808250427, 0.9753666520118713, 0.9756555557250977, 0.975766658782959, 0.9749777913093567, 0.9752333164215088, 0.9762111306190491, 0.9772444367408752, 0.9765889048576355, 0.9771222472190857, 0.9777888655662537, 0.9768111109733582, 0.9771444201469421, 0.977911114692688, 0.9782333374023438, 0.9778000116348267, 0.9782000184059143, 0.9794111251831055, 0.979033350944519, 0.9789222478866577, 0.9789333343505859, 0.9799777865409851], 'val_loss': [], 'val_accuracy': [], 'f1_score': [0.6427242317554769, 0.6412391145875993, 0.7043834469973445, 0.6617650252966777, 0.7124996527919836, 0.7354816366823882, 0.7784569738884064, 0.7720809052440241, 0.7946062409286853, 0.764072677727408, 0.7743367540683864, 0.8033599114780664, 0.7711753077770068, 0.835538675690829, 0.8085734234695154, 0.835237259268275, 0.8192122657901035, 0.8319134923299716, 0.8296659474784112, 0.7927154683961903, 0.7924615532039948, 0.8073344754170447, 0.8318853688955105, 0.8492678973209155, 0.8103363365230338, 0.8468065225769714, 0.8238456689811163, 0.8630623752999216, 0.8710430889357847, 0.8456878749408039, 0.8502550017976305, 0.8288657367285166, 0.8231027364469985, 0.8768624325931323, 0.8682780951654806, 0.7904299766296232, 0.8432076669594033, 0.839276439521664, 0.8417551518708236, 0.8552881832613853, 0.8704498641833732, 0.8500895367427765, 0.8637358426192064, 0.8609573015095462, 0.8810180313764702, 0.8707455263818599, 0.8757959170994707, 0.8774141178751553, 0.8628699074639772, 0.8577998990452596, 0.8489044491696736, 0.887255950671258, 0.82255331155524, 0.84819173039459, 0.8515596162844866, 0.8768619035597502, 0.8524768352505077, 0.840858736883017, 0.8653285598323918, 0.8540967736893864, 0.862653618565441, 0.8757208096836125, 0.8632622874222681, 0.8597969900687812, 0.8666283445687505, 0.8320208559377176, 0.8789816487559831, 0.8584786543739482, 0.8642575850637242, 0.8618990703674396, 0.8532280529586738, 0.8700756453607009, 0.8582702088393139, 0.8649679363670072, 0.8652290949945478, 0.8781542605466834, 0.8567753177204938, 0.8547225040929117, 0.8766648051805471, 0.8558463042392721, 0.8709538769049756, 0.8588575377155384, 0.8683994438589367, 0.8657856196166641, 0.8625947601705244, 0.848120458831995, 0.858450748056238, 0.8579908088180809, 0.8476710779061105, 0.8666794104349178]}
