0.8561602052139856
              precision    recall  f1-score   support

           0       0.93      0.88      0.91       290
           1       0.70      0.80      0.74        40
           2       0.84      0.82      0.83       386
           3       0.97      0.99      0.98       718
           4       0.81      0.72      0.76       254
           5       0.79      0.95      0.86        60
           6       0.72      0.65      0.68        82
           7       1.00      0.91      0.95        11
           8       0.99      0.99      0.99     10699

    accuracy                           0.97     12540
   macro avg       0.86      0.86      0.86     12540
weighted avg       0.97      0.97      0.97     12540

[[  255     1     1     0     8     2     0     0    23]
 [    1    32     0     0     1     4     1     0     1]
 [    0     0   317     9    17     5     1     0    37]
 [    0     0     3   710     0     0     0     0     5]
 [   11    10    12     0   182     2     6     0    31]
 [    0     1     0     0     0    57     0     0     2]
 [    0     1     0     0     2     0    53     0    26]
 [    0     0     0     0     0     1     0    10     0]
 [    6     1    46    10    15     1    13     0 10607]]
{'loss': [0.23818346858024597, 0.1283174753189087, 0.10367181897163391, 0.08827189356088638, 0.07688076049089432, 0.07054074108600616, 0.06339189410209656, 0.057922981679439545, 0.05222180485725403, 0.04745129123330116, 0.04212845116853714, 0.037613388150930405, 0.033166103065013885, 0.029285745695233345, 0.02565995790064335, 0.022904302924871445, 0.022067483514547348, 0.01948280818760395, 0.01670488901436329, 0.016400840133428574, 0.013902590610086918, 0.013909838162362576, 0.012759719975292683, 0.013459068723022938, 0.011541844345629215, 0.0116095757111907, 0.010866891592741013, 0.011303210631012917, 0.010264630429446697, 0.00963640958070755, 0.010338793508708477, 0.008687791414558887, 0.00931879598647356, 0.008687837980687618, 0.008903466165065765, 0.0082880649715662, 0.008073294535279274, 0.00874655693769455, 0.00741788512095809, 0.008703775703907013, 0.006654474418610334, 0.006939948070794344, 0.008046355098485947], 'accuracy': [0.9317684173583984, 0.9591696858406067, 0.9655635952949524, 0.9703011512756348, 0.9737118482589722, 0.9759559631347656, 0.9780219793319702, 0.9799009561538696, 0.980898380279541, 0.9828664064407349, 0.9846563339233398, 0.9860188364982605, 0.9877108335494995, 0.9890822172164917, 0.990738570690155, 0.9914955496788025, 0.9923326373100281, 0.9933211207389832, 0.9942472577095032, 0.9943096041679382, 0.9951644539833069, 0.994986355304718, 0.9957433342933655, 0.9955474138259888, 0.9962331056594849, 0.9962598085403442, 0.9963310360908508, 0.9966071248054504, 0.9967763423919678, 0.9969099164009094, 0.9967406988143921, 0.9972928166389465, 0.9970345497131348, 0.9973551630973816, 0.9974976181983948, 0.9974887371063232, 0.9976757168769836, 0.997542142868042, 0.997747004032135, 0.9975154399871826, 0.9979696273803711, 0.9979251027107239, 0.9975956082344055], 'val_loss': [], 'val_accuracy': [], 'f1_score': [0.5848851991814661, 0.6798383326066924, 0.793104526683554, 0.8318152419388722, 0.8356294572950098, 0.8515514954930086, 0.8170672327480808, 0.8398823882056262, 0.7829082753662475, 0.8472759242465542, 0.8561602052139856, 0.8190246047333092, 0.8007026298077021, 0.8160898014808674, 0.8074591109139241, 0.8446947438349193, 0.8493417696104962, 0.7722412803038275, 0.793923334151209, 0.8286343269555597, 0.8487337428174735, 0.8367600583152387, 0.7989210625708928, 0.8432666206263015, 0.8401729738542507, 0.8455898885300037, 0.8316106138101114, 0.8488647748707372, 0.8336944461538197, 0.8498840889522722, 0.8505589822987862, 0.8396014895126108, 0.8285224557567337, 0.8367929715063325, 0.8550696286190339, 0.8316828249867115, 0.836353693955936, 0.8430389193158205, 0.8478760268502427, 0.8082925577595212, 0.8303819066254736, 0.8315639928350143, 0.8075487231592118]}
