0.8905027873626847
              precision    recall  f1-score   support

           0       0.93      0.92      0.93       290
           1       0.77      0.85      0.81        40
           2       0.84      0.87      0.85       386
           3       0.99      0.98      0.98       718
           4       0.91      0.70      0.79       254
           5       0.88      0.95      0.91        60
           6       0.74      0.76      0.75        82
           7       1.00      1.00      1.00        11
           8       0.99      0.99      0.99     10699

    accuracy                           0.98     12540
   macro avg       0.89      0.89      0.89     12540
weighted avg       0.98      0.98      0.98     12540

[[  268     1     1     0     0     2     0     0    18]
 [    1    34     0     0     1     2     1     0     1]
 [    0     0   335     4     2     2     2     0    41]
 [    0     0     7   703     0     0     0     0     8]
 [    8     6    21     0   177     1     6     0    35]
 [    0     2     0     0     0    57     0     0     1]
 [    0     1     1     0     2     0    62     0    16]
 [    0     0     0     0     0     0     0    11     0]
 [   10     0    34     6    12     1    13     0 10623]]
{'loss': [0.2651767432689667, 0.14472244679927826, 0.12097789347171783, 0.10386636108160019, 0.0911022424697876, 0.0850505456328392, 0.0806865319609642, 0.07779310643672943, 0.0738782212138176, 0.07179877161979675, 0.06887198239564896, 0.06710921972990036, 0.06642413139343262, 0.06375323981046677, 0.06322740763425827, 0.06251836568117142, 0.06133266165852547, 0.06072823703289032, 0.059037499129772186, 0.058516889810562134, 0.058697108179330826, 0.057875197380781174, 0.05697297304868698, 0.055213071405887604, 0.05479751527309418, 0.055318959057331085, 0.05380171164870262, 0.05409125238656998, 0.0539422407746315, 0.05261749401688576, 0.05212974175810814, 0.050902482122182846, 0.051716309040784836, 0.049741391092538834, 0.050497062504291534, 0.05035318061709404, 0.04955099895596504, 0.04892222583293915, 0.049006860703229904, 0.04810255020856857, 0.048143889755010605, 0.04780658707022667, 0.04722684249281883, 0.04728411138057709, 0.04641975834965706, 0.046101197600364685, 0.046684980392456055, 0.04538764804601669, 0.04574887454509735, 0.045229628682136536, 0.04397217556834221, 0.04535923898220062, 0.04707181826233864, 0.043680548667907715, 0.043409768491983414, 0.0430384986102581, 0.04357484355568886, 0.042450256645679474, 0.04421408101916313, 0.04211055114865303, 0.041070859879255295, 0.04245152696967125, 0.04167010635137558, 0.04027708247303963, 0.040416568517684937, 0.04064781963825226, 0.04295223206281662, 0.03991083800792694, 0.040101584047079086, 0.039862070232629776, 0.03905021771788597, 0.03961440548300743, 0.03925091400742531, 0.03915729001164436, 0.038749583065509796, 0.03698524087667465, 0.03716085106134415, 0.04059075564146042, 0.03669361397624016, 0.03802453726530075, 0.036685578525066376, 0.03767826408147812, 0.03806014731526375, 0.035585612058639526], 'accuracy': [0.9283844232559204, 0.9554294943809509, 0.961449384689331, 0.9659910798072815, 0.9698292016983032, 0.9718061685562134, 0.973426878452301, 0.9740680456161499, 0.974958598613739, 0.9753236770629883, 0.9759114384651184, 0.976445734500885, 0.9767663478851318, 0.9776301383972168, 0.9777370095252991, 0.9785562753677368, 0.9784672260284424, 0.9788768887519836, 0.9790282845497131, 0.9794824123382568, 0.9793755412101746, 0.9800879955291748, 0.9799989461898804, 0.9803462624549866, 0.9809874296188354, 0.9803284406661987, 0.9812367558479309, 0.9806756973266602, 0.9809606671333313, 0.9814950227737427, 0.9814148545265198, 0.981601893901825, 0.9818512201309204, 0.9823053479194641, 0.9816107749938965, 0.9820204377174377, 0.9824567437171936, 0.9823588132858276, 0.9823766350746155, 0.9822697639465332, 0.9824122190475464, 0.9828575253486633, 0.9827150106430054, 0.9828040599822998, 0.9831424355506897, 0.9833561778068542, 0.982848584651947, 0.9835164546966553, 0.9828842282295227, 0.9838548898696899, 0.9838459491729736, 0.983712375164032, 0.984077513217926, 0.984237790107727, 0.9841220378875732, 0.9843981266021729, 0.9841309189796448, 0.9843446612358093, 0.984237790107727, 0.984843373298645, 0.9849234819412231, 0.9844960570335388, 0.9851817488670349, 0.9856715202331543, 0.9850303530693054, 0.9851639270782471, 0.9853509664535522, 0.9856181144714355, 0.9857428073883057, 0.9853242635726929, 0.9860366582870483, 0.9859831929206848, 0.9862147569656372, 0.9859030842781067, 0.986072301864624, 0.9868113994598389, 0.9868113994598389, 0.9860277771949768, 0.9869627952575684, 0.9863839745521545, 0.9866244196891785, 0.9861613512039185, 0.9866421818733215, 0.9872210621833801], 'val_loss': [], 'val_accuracy': [], 'f1_score': [0.6071608388142314, 0.7276582192521145, 0.7491804398658486, 0.7942777189921748, 0.8440603359407987, 0.8333363402869338, 0.8388932669292875, 0.8281069782116998, 0.8171870452133189, 0.8513117900899609, 0.8815084611768025, 0.8745452299598868, 0.880855697281115, 0.8524202452764589, 0.8725650686484434, 0.8766985795293927, 0.8691111741348875, 0.8872447370157643, 0.858332439930854, 0.8781552522658751, 0.8618796718294727, 0.8741544670675501, 0.8792166370762886, 0.868069667030104, 0.8699873417809917, 0.8627505249131135, 0.849983743417757, 0.8875456543561898, 0.8864062940579116, 0.850729434903922, 0.8513324423559491, 0.8755232916323838, 0.8394299157101073, 0.8708201883806024, 0.8465689135027881, 0.862185397899863, 0.8780561613946656, 0.8765624052416313, 0.8761649958659391, 0.8818349868104931, 0.8800216945839754, 0.8831664020080829, 0.8864302147250899, 0.8861233418762609, 0.8884663254620028, 0.8092227388414605, 0.8775559010032603, 0.8665564655955781, 0.8691645331342824, 0.8706841848041691, 0.8263153068670602, 0.885012539081389, 0.8905027873626847, 0.8796760478964868, 0.8367239745364417, 0.884485231548365, 0.8584827339914028, 0.8833574622273354, 0.8621279385787429, 0.8846838420447021, 0.8854290288369966, 0.8583072960822827, 0.8512713721864673, 0.8818776987281092, 0.8567273048496755, 0.8722637431758086, 0.8675960660304257, 0.8529957423782795, 0.8637975744144013, 0.8710476068213487, 0.8814270336984256, 0.8784277958699127, 0.882185219495969, 0.8822955882513313, 0.8652476654111003, 0.8762023580569717, 0.8553706713964889, 0.8794638661667726, 0.8748320233475043, 0.8694108481072542, 0.871783142273105, 0.8613173295601295, 0.8600264868978624, 0.8763003358993751]}
