0.9032792431829437
              precision    recall  f1-score   support

           0       0.95      0.92      0.93       290
           1       0.83      0.85      0.84        40
           2       0.90      0.87      0.88       386
           3       0.98      0.98      0.98       718
           4       0.90      0.76      0.82       254
           5       0.96      0.87      0.91        60
           6       0.89      0.67      0.76        82
           7       1.00      1.00      1.00        11
           8       0.99      1.00      0.99     10699

    accuracy                           0.98     12540
   macro avg       0.93      0.88      0.90     12540
weighted avg       0.98      0.98      0.98     12540

[[  266     1     0     0     1     0     0     0    22]
 [    0    34     0     0     4     1     1     0     0]
 [    0     0   336     5     2     0     0     0    43]
 [    0     0     4   706     0     0     0     0     8]
 [   10     4    12     0   192     0     2     0    34]
 [    1     2     1     0     2    52     0     0     2]
 [    0     0     0     0     4     0    55     0    23]
 [    0     0     0     0     0     0     0    11     0]
 [    3     0    21     6     9     1     4     0 10655]]
{'loss': [0.3440392017364502, 0.2110138237476349, 0.18151670694351196, 0.16389116644859314, 0.14960862696170807, 0.14020565152168274, 0.1297074407339096, 0.1220477893948555, 0.11543240398168564, 0.10932497680187225, 0.1042640432715416, 0.10067712515592575, 0.09606315195560455, 0.09339188039302826, 0.08930888026952744, 0.08734899014234543, 0.08327694982290268, 0.08074424415826797, 0.07787655293941498, 0.0762966200709343, 0.07338915765285492, 0.07229989022016525, 0.07101789116859436, 0.06964225322008133, 0.06868616491556168, 0.06694316864013672, 0.06655874848365784, 0.0653388574719429, 0.0642271563410759, 0.06319114565849304, 0.06267441809177399, 0.061334289610385895, 0.06001036614179611, 0.0594094917178154, 0.059238847345113754, 0.059261903166770935, 0.05793300271034241, 0.057486604899168015, 0.057789403945207596, 0.05669727548956871, 0.05602378770709038, 0.05527888983488083, 0.0548284649848938, 0.05451882258057594, 0.054297711700201035, 0.053568944334983826, 0.053705815225839615, 0.05272728577256203, 0.05299266800284386, 0.05203778296709061, 0.05123436823487282, 0.05115897208452225, 0.05081847682595253, 0.0510881170630455, 0.05057143419981003, 0.04993491992354393, 0.04965488240122795, 0.04972747713327408, 0.048726774752140045, 0.04808620363473892, 0.04821823164820671, 0.047434691339731216, 0.0480954647064209, 0.047502290457487106, 0.04706354811787605, 0.04686545953154564, 0.046633150428533554, 0.04637937620282173, 0.04556606337428093, 0.04571959748864174, 0.04526583477854729, 0.04500052332878113, 0.04506991431117058, 0.04473947361111641, 0.044305842369794846, 0.043920546770095825, 0.04375818744301796, 0.04256335645914078, 0.04320092499256134, 0.042589977383613586, 0.042500436305999756, 0.04255133122205734, 0.042172595858573914, 0.04167575016617775, 0.04141748324036598, 0.04184209182858467, 0.04133548215031624, 0.04062569513916969, 0.04060261696577072, 0.04111811891198158, 0.040204934775829315, 0.04011080041527748, 0.03998331353068352, 0.039939336478710175, 0.03942492604255676, 0.03952094912528992, 0.03858454152941704, 0.03819756954908371, 0.03867700323462486, 0.03760222718119621, 0.03791750967502594, 0.03841120004653931, 0.0371893011033535, 0.03737099841237068, 0.03706039488315582, 0.03672882914543152, 0.036761216819286346, 0.03662867099046707, 0.03678225725889206, 0.03615991771221161, 0.0354081466794014, 0.03581486642360687, 0.035209063440561295], 'accuracy': [0.9111083149909973, 0.938482940196991, 0.9451261758804321, 0.9486971497535706, 0.9529449343681335, 0.9563378095626831, 0.9593210816383362, 0.9616809487342834, 0.962981104850769, 0.9651005268096924, 0.9666500687599182, 0.9672467112541199, 0.9679234623908997, 0.969161331653595, 0.9701052308082581, 0.9709334373474121, 0.9718952178955078, 0.9727857112884521, 0.9742283821105957, 0.9739879369735718, 0.9749496579170227, 0.9751634001731873, 0.9759559631347656, 0.9758669137954712, 0.9765615463256836, 0.977211594581604, 0.976810872554779, 0.9772917628288269, 0.977612316608429, 0.9784138202667236, 0.9782534837722778, 0.9785829782485962, 0.9787700176239014, 0.9793933629989624, 0.978805661201477, 0.979304313659668, 0.9795447587966919, 0.9798119068145752, 0.9797940850257874, 0.979669451713562, 0.9802037477493286, 0.9803284406661987, 0.9807558655738831, 0.9804263710975647, 0.9809517860412598, 0.9807380437850952, 0.9809250831604004, 0.9810319542884827, 0.9812189340591431, 0.9812812805175781, 0.9814415574073792, 0.9813881516456604, 0.9817354679107666, 0.9813525080680847, 0.9815306067466736, 0.9815929532051086, 0.9819491505622864, 0.9823409914970398, 0.9823053479194641, 0.9825369119644165, 0.9827595353126526, 0.9825903177261353, 0.9827684760093689, 0.9824745655059814, 0.9829465746879578, 0.9828397035598755, 0.9825725555419922, 0.9825725555419922, 0.983089029788971, 0.9832137227058411, 0.9833739995956421, 0.9834452271461487, 0.9833205938339233, 0.9839795827865601, 0.9833205938339233, 0.983774721622467, 0.9839617609977722, 0.9841220378875732, 0.9841398596763611, 0.9843891859054565, 0.984237790107727, 0.9846029281616211, 0.9846652746200562, 0.984478235244751, 0.9843981266021729, 0.984478235244751, 0.9849591255187988, 0.9847632050514221, 0.9849324226379395, 0.9845049381256104, 0.9849234819412231, 0.9849057197570801, 0.9852975010871887, 0.9848789572715759, 0.9854221940040588, 0.9851105213165283, 0.9852886199951172, 0.9857428073883057, 0.985466718673706, 0.9859831929206848, 0.9857249855995178, 0.9855735898017883, 0.9863126873970032, 0.9862058758735657, 0.9857338666915894, 0.9863661527633667, 0.9861078858375549, 0.9862147569656372, 0.9859831929206848, 0.9861435294151306, 0.9865175485610962, 0.9863750338554382, 0.9867401719093323], 'val_loss': [], 'val_accuracy': [], 'f1_score': [0.5251857005322986, 0.5542062527176883, 0.6078922849852729, 0.5938595193216277, 0.6417838852498119, 0.6867445710052462, 0.6654610344152422, 0.7266113840855125, 0.7305427319555721, 0.7478611023875117, 0.7464420505959022, 0.7584869154715324, 0.7848011248044847, 0.7867397846649312, 0.8058324123767707, 0.8147881157895539, 0.798614374939464, 0.8445310392700429, 0.846676182279531, 0.8548512541582877, 0.8653016663607358, 0.8545898559830627, 0.862139066077504, 0.7913109742994786, 0.8670054941738102, 0.8738878955758502, 0.86882938126173, 0.8603550837655879, 0.8701026430546687, 0.8769412201896611, 0.8742806228568027, 0.8801245248470629, 0.855992414874429, 0.8741457743409247, 0.8657273320693338, 0.8743141617464603, 0.868065291380786, 0.8842990582557883, 0.8855882807033203, 0.8859201006091049, 0.877902864326278, 0.872014198872488, 0.8912821371379247, 0.8593277264506761, 0.8867455241163786, 0.8842615210571567, 0.8874954396390051, 0.8908934732549167, 0.8896502877120221, 0.8704956115438237, 0.8911414675720324, 0.881660999715025, 0.8613556666782162, 0.8929508871364958, 0.8862056152793176, 0.8865565444655674, 0.8851047030696739, 0.9010207003877133, 0.8887220795547284, 0.8827438799943392, 0.8972537331356375, 0.8833746782006706, 0.8895949651283137, 0.8895422736874339, 0.8894935506303016, 0.895488877855715, 0.8878258887547428, 0.8799561495331887, 0.885583306396672, 0.8963693297353975, 0.8995717379106432, 0.8871615003883289, 0.8962410759936341, 0.8931288180050281, 0.8964470601184592, 0.8910694288262386, 0.8847403316276752, 0.89226276782311, 0.8866982623544861, 0.8932876695977036, 0.8924111460943105, 0.9032792431829437, 0.8887731089053593, 0.899125840962289, 0.8783966293498408, 0.8809153572767497, 0.8996884186094596, 0.8881035072135705, 0.894221741425504, 0.888313456046727, 0.8739826563885068, 0.8973620407557755, 0.8950067631250183, 0.8970915764344605, 0.8850325112487458, 0.8878579272372824, 0.8883143367393918, 0.9008695704157047, 0.883003022344193, 0.8970431860664585, 0.894084714372783, 0.9022107590460844, 0.8959926941388949, 0.8941395195751887, 0.8842439868138595, 0.8976211060754203, 0.8985647636502202, 0.894974048699228, 0.8875157454086019, 0.8936544338171005, 0.8916260208928518, 0.8935028262845494, 0.8845855824640679]}
