0.8691970491626427
              precision    recall  f1-score   support

           0       0.87      0.96      0.91       290
           1       0.90      0.88      0.89        40
           2       0.76      0.89      0.82       386
           3       0.98      0.98      0.98       718
           4       0.69      0.84      0.76       254
           5       0.89      0.95      0.92        60
           6       0.49      0.80      0.61        82
           7       1.00      0.91      0.95        11
           8       0.99      0.97      0.98     10699

    accuracy                           0.97     12540
   macro avg       0.84      0.91      0.87     12540
weighted avg       0.97      0.97      0.97     12540

[[  277     1     1     0     3     0     0     0     8]
 [    0    35     0     1     2     1     1     0     0]
 [    0     0   343     2    17     0     4     0    20]
 [    0     0     6   707     0     0     0     0     5]
 [   11     2     8     0   214     0     4     0    15]
 [    1     1     0     0     0    57     0     0     1]
 [    0     0     0     0     3     0    66     0    13]
 [    0     0     1     0     0     0     0    10     0]
 [   29     0    94    12    69     6    60     0 10429]]
{'loss': [1.0551552772521973, 0.6327203512191772, 0.5366611480712891, 0.47211918234825134, 0.42521438002586365, 0.38355883955955505, 0.3512014150619507, 0.329190194606781, 0.3060727119445801, 0.2892487943172455, 0.271802693605423, 0.2587938606739044, 0.24841690063476562, 0.23554043471813202, 0.22704465687274933, 0.2160928100347519, 0.20846319198608398, 0.19842912256717682, 0.19331097602844238, 0.18755093216896057, 0.17953060567378998, 0.1761641651391983, 0.16880302131175995, 0.16603685915470123, 0.1598023623228073, 0.15565912425518036, 0.15246547758579254, 0.14836902916431427, 0.14469335973262787, 0.14130093157291412, 0.13692809641361237, 0.13415229320526123, 0.1321488618850708, 0.12875650823116302, 0.12660542130470276, 0.1236395314335823, 0.12304075807332993, 0.11765250563621521, 0.11703372746706009, 0.11388649046421051, 0.11095582693815231, 0.11037027090787888, 0.10900287330150604, 0.10738720744848251, 0.10360990464687347, 0.1034555584192276, 0.10058397054672241, 0.10114598274230957, 0.0983845517039299, 0.0954914316534996, 0.09582478553056717, 0.09342265874147415, 0.09180556982755661, 0.09019254148006439, 0.09044233709573746, 0.08876539766788483, 0.08598212897777557, 0.08509501814842224, 0.08294160664081573, 0.08297193795442581, 0.0820997878909111, 0.08108339458703995, 0.0791550800204277, 0.08015011250972748, 0.07776778191328049, 0.07696877419948578, 0.07475654035806656, 0.0751272588968277, 0.07321874797344208, 0.07243864238262177, 0.07065427303314209, 0.07140489667654037, 0.07000349462032318, 0.0694609060883522, 0.0675753653049469, 0.06711907684803009, 0.06670912355184555, 0.06504461914300919, 0.06385403871536255, 0.0630292072892189, 0.0629495307803154, 0.06153048947453499, 0.062436074018478394, 0.0607401542365551, 0.05970150977373123, 0.05943697318434715, 0.056421879678964615, 0.05768151953816414, 0.056554172188043594, 0.05482162907719612, 0.054844535887241364, 0.054761435836553574, 0.0542052797973156, 0.053688183426856995, 0.052394405007362366, 0.0532015897333622, 0.05160745978355408, 0.05080021545290947, 0.05085043981671333, 0.0505332350730896, 0.0494815818965435, 0.04959143325686455, 0.04868663102388382, 0.047746673226356506, 0.046262260526418686], 'accuracy': [0.5967444181442261, 0.7672222256660461, 0.8023555278778076, 0.8252778053283691, 0.8432222008705139, 0.8589333295822144, 0.8714666962623596, 0.877988874912262, 0.8873666524887085, 0.8929333090782166, 0.8995000123977661, 0.9047999978065491, 0.9085222482681274, 0.9137666821479797, 0.9164000153541565, 0.9200778007507324, 0.922511100769043, 0.927144467830658, 0.928422212600708, 0.931255578994751, 0.9340000152587891, 0.9350777864456177, 0.9373888969421387, 0.9378888607025146, 0.9406222105026245, 0.9423888921737671, 0.9426000118255615, 0.9448888897895813, 0.9459111094474792, 0.9473888874053955, 0.9489889144897461, 0.9498444199562073, 0.9511666893959045, 0.9520000219345093, 0.9520999789237976, 0.953499972820282, 0.954800009727478, 0.9565333127975464, 0.9561777710914612, 0.9575999975204468, 0.9584888815879822, 0.9580222368240356, 0.9582666754722595, 0.9593889117240906, 0.960777759552002, 0.9610888957977295, 0.9622111320495605, 0.9611333608627319, 0.9630333185195923, 0.9644222259521484, 0.9638000130653381, 0.9643555283546448, 0.965499997138977, 0.9664999842643738, 0.9658666849136353, 0.9665555357933044, 0.9674333333969116, 0.96797776222229, 0.9689221978187561, 0.9688888788223267, 0.9690777659416199, 0.9691333174705505, 0.9696555733680725, 0.9695666432380676, 0.9702000021934509, 0.9709444642066956, 0.972000002861023, 0.9715999960899353, 0.9724888801574707, 0.972266674041748, 0.9732111096382141, 0.9735333323478699, 0.973466694355011, 0.9735000133514404, 0.9741888642311096, 0.9743221998214722, 0.9745444655418396, 0.9754111170768738, 0.9757888913154602, 0.9760555624961853, 0.9763222336769104, 0.9764111042022705, 0.9768221974372864, 0.9764888882637024, 0.9776333570480347, 0.977233350276947, 0.9786555767059326, 0.9782333374023438, 0.9786666631698608, 0.9791222214698792, 0.9787889122962952, 0.9793221950531006, 0.9794666767120361, 0.9794889092445374, 0.9797888994216919, 0.9794666767120361, 0.980388879776001, 0.9806888699531555, 0.9808222055435181, 0.9806222319602966, 0.9813777804374695, 0.9813666939735413, 0.9819999933242798, 0.9815889000892639, 0.982366681098938], 'val_loss': [], 'val_accuracy': [], 'f1_score': [0.6309348358564619, 0.6448939394933101, 0.6798193926858679, 0.715783378767595, 0.7221408883157243, 0.7716032369117051, 0.7545689776564952, 0.7286270045394523, 0.7344246505751246, 0.7172264105349989, 0.7589299584764417, 0.7871226645402655, 0.7522367444331625, 0.7428440126613703, 0.7979970163501048, 0.7783840070962573, 0.7623444516835307, 0.8100243829983054, 0.7961157462358277, 0.8253121248034405, 0.8264085133004676, 0.8228844478361752, 0.827343016108212, 0.7962801560110071, 0.8130010793948552, 0.8490400209856852, 0.8305605258667688, 0.8228727112304889, 0.8298576612099097, 0.823031408586378, 0.8451057462722283, 0.8425379043999547, 0.8203688919385359, 0.8184618788967604, 0.8620898576752107, 0.8083899764307881, 0.8475937714569319, 0.8400841633044162, 0.8098358648158355, 0.8301242371388572, 0.8321962790323603, 0.8241885956334355, 0.8424754908831582, 0.8540770906560357, 0.8137290373615045, 0.8544885899899852, 0.8605386235196542, 0.8167863679402334, 0.8437742069369261, 0.8476721883767696, 0.8408848740298066, 0.8632785666056129, 0.8164463369460692, 0.8421022233201638, 0.8478302794749378, 0.8455349985456391, 0.8543326053164253, 0.8552870068771292, 0.8569129321968222, 0.866161198501245, 0.8501371833877278, 0.8292870016124289, 0.8483524409590024, 0.8028910078903562, 0.8691970491626427, 0.8096353843240705, 0.8544852322796485, 0.8578158106657663, 0.8136592743222355, 0.8378852008568132, 0.8273128822148699, 0.8537740791332954, 0.8527937437262031, 0.8468746883403772, 0.8503415898174702, 0.8321662077736113, 0.8521351243470341, 0.8237029870443153, 0.8559564607436245, 0.838406375837471, 0.8520238066210529, 0.8499709278835242, 0.8660727105011851, 0.8293712227758329, 0.8446306704109516, 0.8466105501162233, 0.8340199642068167, 0.8483005796684238, 0.8501781920978578, 0.8470638357194189, 0.844408985998051, 0.824327930786913, 0.8553165617293961, 0.8312354170223941, 0.8251665817374003, 0.8407702029106225, 0.8344594654377558, 0.8597211288575984, 0.7940251091161409, 0.8383417468396023, 0.8596064956838931, 0.8565093138423054, 0.8655820402860269, 0.862732792631247, 0.846156198931539]}
