0.8951756397923387
              precision    recall  f1-score   support

           0       0.90      0.93      0.91       290
           1       0.91      0.78      0.84        40
           2       0.85      0.86      0.86       386
           3       0.98      0.98      0.98       718
           4       0.81      0.78      0.80       254
           5       0.98      0.88      0.93        60
           6       0.76      0.74      0.75        82
           7       1.00      1.00      1.00        11
           8       0.99      0.99      0.99     10699

    accuracy                           0.98     12540
   macro avg       0.91      0.88      0.90     12540
weighted avg       0.98      0.98      0.98     12540

[[  270     1     0     0     3     0     0     0    16]
 [    0    31     0     0     7     1     1     0     0]
 [    0     0   332     4    11     0     1     0    38]
 [    0     0    10   701     0     0     1     0     6]
 [   14     1    10     0   199     0     7     0    23]
 [    2     0     2     0     2    53     0     0     1]
 [    0     0     0     0     3     0    61     0    18]
 [    0     0     0     0     0     0     0    11     0]
 [   15     1    35    10    21     0     9     0 10608]]
{'loss': [0.2674311399459839, 0.14873863756656647, 0.12249238044023514, 0.1066836565732956, 0.09551230072975159, 0.08678493648767471, 0.08178719133138657, 0.07839980721473694, 0.07433441281318665, 0.07175476849079132, 0.06916958093643188, 0.06770774722099304, 0.06668361276388168, 0.06421183049678802, 0.06304758042097092, 0.06238076835870743, 0.060233309864997864, 0.060199033468961716, 0.058740656822919846, 0.05747087672352791, 0.056669626384973526, 0.0575626939535141, 0.05513095110654831, 0.055635325610637665, 0.05454398691654205, 0.05332524701952934, 0.05277520418167114, 0.051982760429382324, 0.05150466412305832, 0.05054352805018425, 0.050709087401628494, 0.05052737519145012, 0.04990575835108757, 0.04968859255313873, 0.04813801124691963, 0.04790294170379639, 0.047157421708106995, 0.048440247774124146, 0.04674326628446579, 0.04730032756924629, 0.046430692076683044, 0.04607674106955528, 0.045827340334653854, 0.04521240293979645, 0.0522901713848114, 0.043661877512931824, 0.044725559651851654, 0.04313887655735016, 0.04390555992722511, 0.04299493506550789, 0.04255322366952896, 0.04200607165694237, 0.041226111352443695, 0.04187099263072014, 0.041285544633865356, 0.040419820696115494, 0.039043743163347244, 0.043743476271629333, 0.03924129158258438, 0.04014522582292557, 0.038491103798151016, 0.039260026067495346, 0.03910108655691147, 0.037313468754291534, 0.037692561745643616, 0.0375104583799839, 0.036771319806575775, 0.037170711904764175, 0.03802831470966339, 0.036918122321367264, 0.03556019440293312, 0.03655988350510597, 0.035171475261449814, 0.03441527113318443, 0.03529984876513481, 0.03517701476812363, 0.043206486850976944, 0.03402705863118172, 0.033651817589998245, 0.03309374675154686, 0.035894472151994705, 0.03291821852326393, 0.03490406274795532, 0.03187711909413338, 0.033664800226688385, 0.0319208949804306, 0.032099414616823196, 0.03183503448963165, 0.03167609125375748, 0.032069217413663864, 0.031170537695288658], 'accuracy': [0.9266835451126099, 0.9542272686958313, 0.9612980484962463, 0.9655012488365173, 0.9688763618469238, 0.9708176851272583, 0.9725987315177917, 0.974032461643219, 0.9745133519172668, 0.975421667098999, 0.9762052893638611, 0.9771314859390259, 0.9769889712333679, 0.977514386177063, 0.9774965643882751, 0.9782000780105591, 0.9787788987159729, 0.9790282845497131, 0.9793933629989624, 0.9793399572372437, 0.9800523519515991, 0.9798831343650818, 0.9804708957672119, 0.980435311794281, 0.9802660942077637, 0.9809429049491882, 0.981058657169342, 0.9809161424636841, 0.9810051918029785, 0.9815127849578857, 0.981619656085968, 0.9820204377174377, 0.9819491505622864, 0.9819313883781433, 0.9825190901756287, 0.9825190901756287, 0.983089029788971, 0.9827238917350769, 0.983089029788971, 0.983008861541748, 0.9834185242652893, 0.9833651185035706, 0.9829465746879578, 0.9836233258247375, 0.9836856722831726, 0.9840596914291382, 0.9840596914291382, 0.9842912554740906, 0.9842556118965149, 0.984237790107727, 0.9845049381256104, 0.9846118092536926, 0.984843373298645, 0.985083818435669, 0.9849591255187988, 0.9851728677749634, 0.9859921336174011, 0.9849947690963745, 0.9852352142333984, 0.9856448173522949, 0.9861345887184143, 0.985466718673706, 0.9859564900398254, 0.9865976572036743, 0.9861435294151306, 0.9860366582870483, 0.9863928556442261, 0.9867846965789795, 0.9861613512039185, 0.9861168265342712, 0.987034022808075, 0.9866154789924622, 0.9871765375137329, 0.9871052503585815, 0.9871141910552979, 0.9871052503585815, 0.9866867065429688, 0.98755943775177, 0.9873724579811096, 0.9878800511360168, 0.9872922897338867, 0.9878087639808655, 0.987238883972168, 0.9880670309066772, 0.9874882102012634, 0.988325297832489, 0.988262951374054, 0.9883431196212769, 0.988423228263855, 0.9885212182998657, 0.988886296749115], 'val_loss': [], 'val_accuracy': [], 'f1_score': [0.5843050335160428, 0.5801669222739554, 0.6905188855908884, 0.6767881055182312, 0.7972771063099849, 0.847981654911814, 0.8434555153583081, 0.8505942749208576, 0.8211942187973267, 0.8560187118109787, 0.8483574866702662, 0.8509856630553859, 0.8676609043260961, 0.8644677647514069, 0.8485900334992015, 0.8523357881868198, 0.8528981344592025, 0.8876320549189042, 0.8376035053376587, 0.8480913653457072, 0.8690363259978298, 0.8762370627936862, 0.8606772032622747, 0.8540007116309964, 0.880241116705751, 0.8672445086078655, 0.889835827637935, 0.8725013050974071, 0.82901100988509, 0.8864124279922112, 0.8716407983114407, 0.8763635187835298, 0.8762787688517872, 0.8435129383876264, 0.8542252440510015, 0.8729273296159729, 0.8707586376517712, 0.8729868965496366, 0.8792531888716293, 0.8648304515795806, 0.890831519640884, 0.8856832504495292, 0.8694429693110641, 0.8811809234180505, 0.8679386630090531, 0.8724545787987785, 0.8644363929866707, 0.8893516024957626, 0.8696859284791407, 0.8839101133822788, 0.8309342954011236, 0.8752105623323445, 0.8805652189572521, 0.8652631639493891, 0.8838962202361863, 0.8652450186003305, 0.876694046287718, 0.8798974176797933, 0.8537831765076214, 0.8951756397923387, 0.8925232827066137, 0.8801951904183914, 0.8728352338696714, 0.876935063878022, 0.8838542269613906, 0.8706612151287447, 0.8702899365344906, 0.8709423796179764, 0.8866525790083157, 0.8783839526776576, 0.8711948834379185, 0.8932712917420493, 0.8777515229525816, 0.8785103468365301, 0.8685475129256743, 0.8887996908096811, 0.8780029711598656, 0.8859032843482004, 0.8701789030726981, 0.8872616394769053, 0.8820437578325474, 0.8883586361776727, 0.8852233645472445, 0.8871162383090435, 0.8562315013232029, 0.8877493619854773, 0.8862224670485306, 0.8765456444129304, 0.8823313547176148, 0.8912837004801175, 0.8869652280051099]}
