0.8975438222087018
              precision    recall  f1-score   support

           0       0.88      0.94      0.91       290
           1       0.80      0.90      0.85        40
           2       0.86      0.87      0.87       386
           3       0.98      0.97      0.98       718
           4       0.79      0.81      0.80       254
           5       0.90      0.95      0.93        60
           6       0.86      0.68      0.76        82
           7       1.00      1.00      1.00        11
           8       0.99      0.99      0.99     10699

    accuracy                           0.98     12540
   macro avg       0.90      0.90      0.90     12540
weighted avg       0.98      0.98      0.98     12540

[[  272     1     1     0     3     1     0     0    12]
 [    0    36     0     0     3     0     0     0     1]
 [    0     0   337     6     5     2     0     0    36]
 [    0     1     9   700     0     0     0     0     8]
 [   10     5     8     0   205     1     3     0    22]
 [    1     0     0     0     1    57     0     0     1]
 [    0     0     0     0     9     0    56     0    17]
 [    0     0     0     0     0     0     0    11     0]
 [   26     2    37     5    34     2     6     0 10587]]
{'loss': [0.26346755027770996, 0.14449907839298248, 0.1190628632903099, 0.10148584097623825, 0.08967891335487366, 0.08318669348955154, 0.07883019745349884, 0.07543417811393738, 0.0719321072101593, 0.06940051913261414, 0.06756029278039932, 0.06652853637933731, 0.06449839472770691, 0.06294851005077362, 0.06248316913843155, 0.05925721302628517, 0.060879211872816086, 0.058580584824085236, 0.05776873603463173, 0.05708084627985954, 0.05582442507147789, 0.055323220789432526, 0.05380009114742279, 0.05391320958733559, 0.05358060076832771, 0.05246352031826973, 0.05192408338189125, 0.05148260295391083, 0.05126427114009857, 0.05061924457550049, 0.05838743597269058, 0.04953775927424431, 0.0489199236035347, 0.04813554510474205, 0.047555968165397644, 0.047469936311244965, 0.04689691960811615, 0.04712815582752228, 0.04716591536998749, 0.04493473097681999, 0.044949065893888474, 0.04509866237640381, 0.04497780650854111, 0.04360966011881828, 0.04277050867676735, 0.04289612919092178, 0.05305657908320427, 0.04102214798331261, 0.0427560918033123, 0.04189563915133476, 0.0416036993265152, 0.04016302525997162, 0.04042939841747284, 0.03996564820408821, 0.0496034100651741, 0.039131563156843185, 0.039388783276081085, 0.03894432634115219, 0.03859258070588112, 0.03815700486302376, 0.03770871087908745, 0.03914656117558479, 0.03813944756984711, 0.03722338750958443, 0.037162672728300095, 0.0371924564242363, 0.03488548845052719, 0.03570779412984848, 0.03511366248130798, 0.03851429745554924, 0.034901026636362076, 0.034549832344055176, 0.03502115607261658, 0.03442038968205452, 0.036028988659381866, 0.03352022543549538, 0.03371531888842583, 0.03283208608627319], 'accuracy': [0.9287406206130981, 0.9559460282325745, 0.9628920555114746, 0.9674426317214966, 0.9710848331451416, 0.9724918603897095, 0.9734981656074524, 0.9744153618812561, 0.9759470820426941, 0.9760806560516357, 0.9771581888198853, 0.9769355654716492, 0.9777726531028748, 0.9777103066444397, 0.9779329299926758, 0.9790728092193604, 0.9787254929542542, 0.9790549874305725, 0.9794468283653259, 0.9799900054931641, 0.9800256490707397, 0.979669451713562, 0.9804441928863525, 0.9803284406661987, 0.9812189340591431, 0.9812367558479309, 0.9814326763153076, 0.9815662503242493, 0.9814237356185913, 0.9820471405982971, 0.9820560216903687, 0.9821361899375916, 0.9820916652679443, 0.9826081395149231, 0.9826081395149231, 0.9829465746879578, 0.9827417135238647, 0.9828752875328064, 0.982848584651947, 0.983454167842865, 0.9831870198249817, 0.9839349985122681, 0.9839884638786316, 0.9840508103370667, 0.9844604134559631, 0.9841131567955017, 0.9840508103370667, 0.98478102684021, 0.9844604134559631, 0.9846029281616211, 0.9851995706558228, 0.9853420257568359, 0.9849502444267273, 0.9855557680130005, 0.985564649105072, 0.9852886199951172, 0.985404372215271, 0.9857338666915894, 0.9857338666915894, 0.9862592816352844, 0.9858407378196716, 0.9857428073883057, 0.9859831929206848, 0.9858941435813904, 0.9863839745521545, 0.9865175485610962, 0.9870073199272156, 0.9868737459182739, 0.9869093894958496, 0.9865887761116028, 0.9870073199272156, 0.9874258637428284, 0.9872655868530273, 0.9873101115226746, 0.9869627952575684, 0.9875683188438416, 0.9879334568977356, 0.9879691004753113], 'val_loss': [], 'val_accuracy': [], 'f1_score': [0.547012432313172, 0.6834787129646742, 0.7382076481941904, 0.7328092654179582, 0.8166771933348357, 0.8394084529628407, 0.7402634911517184, 0.8476610979131952, 0.873035329962657, 0.8285906851821863, 0.844236122784039, 0.8422344802612405, 0.8504794615391764, 0.8680973894583439, 0.8260312455827274, 0.8672328133616349, 0.8739467402559833, 0.8838795846556696, 0.8637206421352581, 0.8711422081690217, 0.8823120643142544, 0.8812060673618836, 0.8786108535503546, 0.8533120460718587, 0.8558080212509829, 0.881785619217061, 0.8821909220314129, 0.887122630307866, 0.8717324058213319, 0.8852465060929181, 0.8701907094387527, 0.8912456474188374, 0.8822051791203782, 0.8758845878444418, 0.8653969613401516, 0.8880750188867558, 0.8800051400206294, 0.8817400304800649, 0.8411391649595057, 0.8788408368495126, 0.8697818547616721, 0.8781946378826836, 0.8709967388824952, 0.8816925420777592, 0.8740381926741794, 0.8645589592807046, 0.8975438222087018, 0.8631914848788922, 0.8652601348078491, 0.8383494375581476, 0.8763442532945855, 0.8885744822458954, 0.8669640577763775, 0.8907838061462383, 0.8628764559311329, 0.8288832770682261, 0.8555684257429388, 0.8640533081822631, 0.8791590332369252, 0.8601034290550921, 0.8803637307805932, 0.8750829186692958, 0.8879846719646357, 0.8662559722079912, 0.8887456960602514, 0.8769373566472883, 0.8731497231482472, 0.8812197935752364, 0.8600482159640461, 0.8887641066119885, 0.8716364014514062, 0.8805872396004806, 0.8589645772955071, 0.8743849668705982, 0.8486972873352198, 0.8550370519637744, 0.8692139820308085, 0.8827549902634166]}
