0.8938276522207315
              precision    recall  f1-score   support

           0       0.93      0.90      0.92       290
           1       0.94      0.75      0.83        40
           2       0.91      0.81      0.86       386
           3       0.97      0.99      0.98       718
           4       0.90      0.74      0.81       254
           5       0.93      0.90      0.92        60
           6       0.76      0.71      0.73        82
           7       1.00      1.00      1.00        11
           8       0.99      1.00      0.99     10699

    accuracy                           0.98     12540
   macro avg       0.93      0.87      0.89     12540
weighted avg       0.98      0.98      0.98     12540

[[  262     0     1     0     3     2     0     0    22]
 [    3    30     0     1     4     0     1     0     1]
 [    0     0   314    11     7     1     1     0    52]
 [    0     0     2   710     0     0     0     0     6]
 [   12     2     9     0   188     0     5     0    38]
 [    1     0     3     0     1    54     0     0     1]
 [    0     0     0     0     3     0    58     0    21]
 [    0     0     0     0     0     0     0    11     0]
 [    4     0    15     9     2     1    11     0 10657]]
{'loss': [0.26028481125831604, 0.14365488290786743, 0.11616922169923782, 0.1016140803694725, 0.08881106227636337, 0.08375117182731628, 0.07932941615581512, 0.07546111196279526, 0.07287051528692245, 0.06963813304901123, 0.06793448328971863, 0.06682217866182327, 0.06533283740282059, 0.06298333406448364, 0.06247560307383537, 0.0611894465982914, 0.06127426028251648, 0.05836905911564827, 0.058560773730278015, 0.05830976739525795, 0.056640006601810455, 0.056658923625946045, 0.05536722019314766, 0.054182425141334534, 0.05442415177822113, 0.05179372802376747, 0.05290576070547104, 0.05272310972213745, 0.05221928656101227, 0.05081343650817871, 0.051306575536727905, 0.050796378403902054, 0.0498981773853302, 0.049491818994283676, 0.04845210164785385, 0.0483488067984581, 0.0487503819167614, 0.04757450520992279, 0.046153124421834946, 0.04722960293292999, 0.04594995453953743, 0.046096451580524445, 0.045023296028375626, 0.04564445838332176, 0.04454483836889267, 0.04568479210138321, 0.043177053332328796, 0.04347391799092293, 0.04329941049218178, 0.04313076287508011, 0.04179423302412033, 0.041641488671302795, 0.04243206977844238, 0.04169851914048195, 0.040783606469631195, 0.04011167213320732, 0.043136753141880035, 0.03891942650079727, 0.03971252590417862], 'accuracy': [0.9289543628692627, 0.9560796022415161, 0.9635510444641113, 0.9671754240989685, 0.9705683588981628, 0.9723582863807678, 0.9732042551040649, 0.9742639660835266, 0.9746112823486328, 0.9762587547302246, 0.9770067930221558, 0.9763834476470947, 0.9770067930221558, 0.9783247709274292, 0.9783959984779358, 0.9786453247070312, 0.9782000780105591, 0.9793399572372437, 0.9791974425315857, 0.979526937007904, 0.9795536994934082, 0.9800523519515991, 0.9801948666572571, 0.9805866479873657, 0.9807113409042358, 0.9812634587287903, 0.9807469844818115, 0.9805154204368591, 0.9811922311782837, 0.9811744093894958, 0.9817710518836975, 0.9817443490028381, 0.9822074174880981, 0.9815573692321777, 0.9821540117263794, 0.9828218817710876, 0.9827684760093689, 0.9825636148452759, 0.9831335544586182, 0.9827773571014404, 0.9830801486968994, 0.9830445051193237, 0.9835788011550903, 0.9833739995956421, 0.9840418696403503, 0.9838637709617615, 0.9842022061347961, 0.9843357801437378, 0.9838994145393372, 0.9842467308044434, 0.9843624830245972, 0.9847186803817749, 0.9850125312805176, 0.9847186803817749, 0.9849502444267273, 0.9852619171142578, 0.9845939874649048, 0.9858229160308838, 0.9855379462242126], 'val_loss': [], 'val_accuracy': [], 'f1_score': [0.6099832313916589, 0.6995966481000359, 0.7650584356474961, 0.781994584070843, 0.8400494027030248, 0.8477920381490232, 0.8416998624321431, 0.8021390348246197, 0.846712550556464, 0.8641791189814073, 0.865047176225356, 0.870003584127292, 0.8583341182662974, 0.852616563769602, 0.8704137249060611, 0.8480631294966754, 0.870783238175991, 0.865019309005813, 0.8683136260893269, 0.8515978987098719, 0.8745507449871929, 0.8849983716071761, 0.8742844395076065, 0.8580961098180064, 0.8675661236408274, 0.8780465242350206, 0.8612104558968293, 0.8938276522207315, 0.8762350444210818, 0.8747241751037503, 0.8818711538015744, 0.8617401277726565, 0.8613044040877469, 0.8548655245318846, 0.8805134193752708, 0.8634674073678896, 0.8717818211023578, 0.8900338116553043, 0.8776553627510495, 0.8642171517378887, 0.8868218248851123, 0.877428332092405, 0.8727892660146495, 0.8798490728575467, 0.8558225308043849, 0.8642819260435053, 0.8818759518206777, 0.8681212164386691, 0.8612761468455126, 0.8671536610151428, 0.876029373416968, 0.8634806549295262, 0.890522089811844, 0.8564722542316269, 0.8835953537039384, 0.8533662748047011, 0.8871899468121823, 0.8519164847803697, 0.8783563716031385]}
