0.8766402591230703
              precision    recall  f1-score   support

           0       0.81      0.97      0.88       290
           1       0.76      0.85      0.80        40
           2       0.77      0.86      0.81       386
           3       0.99      0.97      0.98       718
           4       0.73      0.80      0.76       254
           5       0.95      0.92      0.93        60
           6       0.69      0.78      0.73        82
           7       1.00      1.00      1.00        11
           8       0.99      0.98      0.99     10699

    accuracy                           0.97     12540
   macro avg       0.85      0.90      0.88     12540
weighted avg       0.97      0.97      0.97     12540

[[  280     1     2     0     1     0     0     0     6]
 [    1    34     0     0     3     1     1     0     0]
 [    0     1   332     2    22     0     4     0    25]
 [    0     1    10   699     0     0     0     0     8]
 [   12     6     6     0   202     0     6     0    22]
 [    2     1     0     0     1    55     0     0     1]
 [    0     1     0     0     2     0    64     0    15]
 [    0     0     0     0     0     0     0    11     0]
 [   49     0    79     7    46     2    18     0 10498]]
{'loss': [0.7357326149940491, 0.3605164885520935, 0.2552778720855713, 0.20622415840625763, 0.1768549531698227, 0.1570572704076767, 0.14270177483558655, 0.1282954066991806, 0.11596803367137909, 0.10693188011646271, 0.09879838675260544, 0.08883525431156158, 0.08249492943286896, 0.07551341503858566, 0.0673297569155693, 0.06038939952850342, 0.05505884811282158, 0.05050370469689369, 0.04490417614579201, 0.04028662294149399, 0.03730820119380951, 0.033732738345861435, 0.03118526190519333, 0.028928495943546295, 0.026161042973399162, 0.0253220833837986, 0.02273266762495041, 0.022297969087958336, 0.02030157670378685, 0.02145628072321415, 0.01666821539402008, 0.01910434663295746, 0.017728490754961967, 0.016780193895101547, 0.016668682917952538, 0.01440565474331379, 0.014669755473732948, 0.014276115223765373, 0.01399912778288126, 0.013439369387924671], 'accuracy': [0.7226889133453369, 0.8702222108840942, 0.9080333113670349, 0.926277756690979, 0.9359333515167236, 0.9430000185966492, 0.9481555819511414, 0.953000009059906, 0.9571333527565002, 0.9605000019073486, 0.9634110927581787, 0.9671666622161865, 0.9694666862487793, 0.9721444249153137, 0.9753999710083008, 0.9776555299758911, 0.9804333448410034, 0.9814222455024719, 0.9836111068725586, 0.9857777953147888, 0.9867222309112549, 0.9879778027534485, 0.9891444444656372, 0.9894999861717224, 0.9907888770103455, 0.9909444451332092, 0.9922666549682617, 0.9922888875007629, 0.993233323097229, 0.9925888776779175, 0.9945444464683533, 0.9934666752815247, 0.9945999979972839, 0.9947888851165771, 0.9944000244140625, 0.9954000115394592, 0.9953333139419556, 0.9956889152526855, 0.9951778054237366, 0.995555579662323], 'val_loss': [], 'val_accuracy': [], 'f1_score': [0.6794248468889832, 0.7058768772356853, 0.8151780405623621, 0.7897254479662437, 0.8151659368820303, 0.794338717344069, 0.8288157491509707, 0.8570567037641101, 0.8426473219468554, 0.859701193963171, 0.8309658901514636, 0.827472005277961, 0.8503384976067245, 0.8766402591230703, 0.8257661645547271, 0.8320589563912486, 0.7890251081465574, 0.8397562475600674, 0.8441484008370805, 0.8385347011122358, 0.8359838252185923, 0.8382945090579894, 0.8376764537257626, 0.8552120457352392, 0.828705915736342, 0.84641018213805, 0.8652432191450262, 0.8376561628450145, 0.8436171373919126, 0.8236009856989047, 0.8354362130991917, 0.8639324675597895, 0.8267775867913083, 0.8437459953351584, 0.8299072783794781, 0.8474787546745899, 0.8575562387458915, 0.8467923696583535, 0.8153524331409647, 0.815652011790321]}
