0.8586657851116641
              precision    recall  f1-score   support

           0       0.90      0.95      0.92       290
           1       0.89      0.82      0.86        40
           2       0.71      0.89      0.79       386
           3       0.96      0.99      0.98       718
           4       0.70      0.83      0.76       254
           5       0.93      0.93      0.93        60
           6       0.41      0.84      0.55        82
           7       1.00      0.91      0.95        11
           8       0.99      0.97      0.98     10699

    accuracy                           0.96     12540
   macro avg       0.83      0.90      0.86     12540
weighted avg       0.97      0.96      0.97     12540

[[  275     1     0     0     0     0     1     0    13]
 [    0    33     0     1     5     1     0     0     0]
 [    0     0   343     5    20     1     2     0    15]
 [    0     0     6   711     0     0     0     0     1]
 [    9     3     5     0   212     0    12     0    13]
 [    1     0     1     0     1    56     0     0     1]
 [    0     0     0     0     1     0    69     0    12]
 [    0     0     1     0     0     0     0    10     0]
 [   22     0   124    21    66     2    83     0 10381]]
{'loss': [0.6456639170646667, 0.2737486660480499, 0.21468830108642578, 0.18380236625671387, 0.16245508193969727, 0.1509600728750229, 0.1404506266117096, 0.13099347054958344, 0.1243310421705246, 0.11805116385221481, 0.11332002282142639, 0.10781264305114746, 0.10512971132993698, 0.10167966783046722, 0.09870763123035431, 0.09819040447473526, 0.09255195409059525, 0.09226268529891968, 0.08815082162618637, 0.08682989329099655, 0.08183518052101135, 0.08291517198085785, 0.08155319094657898, 0.08146568387746811, 0.07700540870428085, 0.07665365189313889, 0.07448284327983856, 0.0748002901673317, 0.07084470242261887, 0.07256364822387695, 0.06739068776369095, 0.07031489163637161, 0.06882128119468689, 0.0663670226931572, 0.07548914104700089, 0.06135086342692375, 0.06568744778633118, 0.06599581986665726, 0.06499488651752472, 0.06277777999639511, 0.06131397932767868, 0.05889766663312912, 0.060149602591991425, 0.06036056950688362, 0.06145058572292328, 0.06234516203403473, 0.05778355523943901, 0.0592828169465065, 0.057726942002773285, 0.05698738992214203, 0.058481473475694656, 0.057716112583875656, 0.05135900527238846, 0.056492649018764496, 0.05568636581301689, 0.05376598238945007, 0.05460652709007263, 0.055045872926712036, 0.053478460758924484, 0.05310313031077385, 0.054382309317588806, 0.05554346367716789, 0.05151909217238426], 'accuracy': [0.7552888989448547, 0.9005555510520935, 0.9234333038330078, 0.9338889122009277, 0.941277801990509, 0.9456111192703247, 0.9489333629608154, 0.9523777961730957, 0.954633355140686, 0.9569888710975647, 0.9585999846458435, 0.9605110883712769, 0.9612555503845215, 0.9627777934074402, 0.9635999798774719, 0.9638888835906982, 0.965844452381134, 0.9656444191932678, 0.967377781867981, 0.9678000211715698, 0.968999981880188, 0.9697555303573608, 0.9704111218452454, 0.970644474029541, 0.9714778065681458, 0.9721222519874573, 0.9726666808128357, 0.9725666642189026, 0.9740111231803894, 0.9737222194671631, 0.974911093711853, 0.9742777943611145, 0.974744439125061, 0.976288914680481, 0.9745000004768372, 0.9775221943855286, 0.9771222472190857, 0.9771000146865845, 0.9765666723251343, 0.9777888655662537, 0.9779444336891174, 0.9789777994155884, 0.9782000184059143, 0.9780666828155518, 0.9783111214637756, 0.9786999821662903, 0.9795110821723938, 0.978766679763794, 0.9794777631759644, 0.9802333116531372, 0.97971111536026, 0.980044424533844, 0.9816333055496216, 0.9799444675445557, 0.9808222055435181, 0.9811333417892456, 0.9808444380760193, 0.9810666441917419, 0.981177806854248, 0.9821555614471436, 0.9812999963760376, 0.9804777503013611, 0.9823777675628662], 'val_loss': [], 'val_accuracy': [], 'f1_score': [0.666055430708638, 0.7734723603174305, 0.7896002847655345, 0.7982721304326739, 0.8508035057612819, 0.7801333175955771, 0.7865018505615722, 0.8112128257813446, 0.8390210262935016, 0.8395222043325453, 0.8538762202828334, 0.828540695010022, 0.8387673345864199, 0.8261146183459086, 0.8339528438504625, 0.8016286423410501, 0.8494182850828884, 0.7958447291107285, 0.835505558176089, 0.8505792569102695, 0.8137103417870517, 0.8156669186320342, 0.8388979681953982, 0.8586657851116641, 0.8339359287677508, 0.8146832800519478, 0.8213616970153208, 0.8224904705186136, 0.8371720116277077, 0.8512310003640459, 0.8440610765469021, 0.845233532053148, 0.834018742123093, 0.847770031979754, 0.8419005423141104, 0.842211778211044, 0.8137590727319028, 0.8446997570658418, 0.8277856042996613, 0.8498080874277677, 0.8251467377665054, 0.8245338529844071, 0.8247276623438042, 0.8280079365885489, 0.8352997265753864, 0.8482269453285455, 0.8286394359355511, 0.8459666506522416, 0.8491608289544491, 0.8432523020981407, 0.833792674147641, 0.7851940264729254, 0.8452593087058387, 0.8191532426419346, 0.8519852278073865, 0.8331281242374412, 0.8240305990989243, 0.8267378460546704, 0.8319641519911777, 0.84549394368597, 0.8249310559266722, 0.8431833234399764, 0.8404878732212534]}
