0.8788733910011126
              precision    recall  f1-score   support

           0       0.90      0.93      0.91       290
           1       0.85      0.88      0.86        40
           2       0.85      0.76      0.80       386
           3       0.98      0.97      0.98       718
           4       0.71      0.78      0.74       254
           5       0.95      0.95      0.95        60
           6       0.74      0.70      0.72        82
           7       1.00      0.91      0.95        11
           8       0.99      0.99      0.99     10699

    accuracy                           0.97     12540
   macro avg       0.89      0.87      0.88     12540
weighted avg       0.97      0.97      0.97     12540

[[  269     1     1     0     5     1     0     0    13]
 [    0    35     0     0     4     0     0     0     1]
 [    1     0   294     4    30     1     3     0    53]
 [    0     0     7   699     0     1     0     0    11]
 [   11     4     8     0   197     0     7     0    27]
 [    0     1     0     0     1    57     0     0     1]
 [    0     0     0     0     5     0    57     0    20]
 [    0     0     1     0     0     0     0    10     0]
 [   17     0    35    10    35     0    10     0 10592]]
{'loss': [0.37568920850753784, 0.21463659405708313, 0.17444729804992676, 0.152305468916893, 0.13738614320755005, 0.12750309705734253, 0.11658219993114471, 0.1101723164319992, 0.10358443856239319, 0.09731077402830124, 0.09149207174777985, 0.08813592791557312, 0.08221957832574844, 0.07667418569326401, 0.07174581289291382, 0.06717739254236221, 0.06305943429470062, 0.05924355238676071, 0.0538998506963253, 0.050435516983270645, 0.048230111598968506, 0.04434077441692352, 0.04151807725429535, 0.03825011104345322, 0.03406105190515518, 0.030994977802038193, 0.02836841531097889, 0.02586110308766365, 0.024275710806250572, 0.022798113524913788, 0.02131742425262928, 0.019932543858885765, 0.01934012584388256, 0.017587097361683846, 0.01615288108587265, 0.016184601932764053, 0.01450031716376543, 0.015365133062005043, 0.013657409697771072, 0.01325378566980362, 0.012623955495655537, 0.012038429267704487, 0.01177658885717392, 0.011453460901975632, 0.010837025940418243, 0.010263955220580101, 0.010332124307751656, 0.010972722433507442, 0.009107583202421665, 0.008633703924715519, 0.009076184593141079, 0.009026304818689823, 0.008959975093603134, 0.007476207800209522, 0.008802241645753384, 0.006993330083787441, 0.00813617929816246, 0.00791147630661726, 0.006165520753711462, 0.007553520146757364, 0.00841780100017786, 0.00664515933021903, 0.006399428006261587], 'accuracy': [0.9086505174636841, 0.9411811828613281, 0.9501665234565735, 0.9555363655090332, 0.9590806365013123, 0.9621261954307556, 0.9646196365356445, 0.9657061100006104, 0.968092679977417, 0.9691523909568787, 0.9699004292488098, 0.9707464575767517, 0.9726076126098633, 0.9745311141014099, 0.9766772985458374, 0.9781021475791931, 0.9792864918708801, 0.9807648062705994, 0.9822964668273926, 0.983249306678772, 0.9834986925125122, 0.985404372215271, 0.9865531325340271, 0.9872210621833801, 0.9890466332435608, 0.9901330471038818, 0.9909879565238953, 0.9917003512382507, 0.9921188950538635, 0.9928491115570068, 0.9932409524917603, 0.9937574863433838, 0.9937930703163147, 0.9944075345993042, 0.9949329495429993, 0.9952089786529541, 0.9955117702484131, 0.9953781962394714, 0.9957343935966492, 0.9960371851921082, 0.9961707592010498, 0.9962509274482727, 0.996616005897522, 0.996616005897522, 0.9966961741447449, 0.9972394108772278, 0.9969366192817688, 0.9969633221626282, 0.9972304701805115, 0.9974175095558167, 0.997444212436676, 0.997444212436676, 0.997604489326477, 0.9978004097938538, 0.997747004032135, 0.9980942606925964, 0.9976846575737, 0.9980230331420898, 0.9982813000679016, 0.9979518055915833, 0.9977113604545593, 0.9982367753982544, 0.9982634782791138], 'val_loss': [], 'val_accuracy': [], 'f1_score': [0.4252643880782579, 0.47340921942158215, 0.5500570878175305, 0.5766019127649792, 0.5858397859327891, 0.6011773808751681, 0.7400172403204506, 0.747401062244242, 0.7666404238991077, 0.7409211366373899, 0.7321982003030207, 0.741812924551511, 0.8227011096037427, 0.8403155345136613, 0.8531839430595365, 0.8602031724677367, 0.8505140145138562, 0.8470276162207468, 0.8468438591740651, 0.8328225376353727, 0.857209201670118, 0.8581920491882147, 0.8591258659500326, 0.8716494021263643, 0.8737885940686919, 0.8504009184601232, 0.8628542915891774, 0.8664816947701439, 0.8662580386317997, 0.853024286836718, 0.8596957030130178, 0.8603192505914045, 0.8634749866401169, 0.8615164361595944, 0.8713105136020172, 0.8603466931006503, 0.8788733910011126, 0.860883026310929, 0.8633669497575904, 0.8549785941348153, 0.8684528940940008, 0.856192517184404, 0.8646062265552696, 0.8475715599943265, 0.8539322840318433, 0.8644321331166763, 0.8571157341157094, 0.868679874757115, 0.8633251096062678, 0.8621115192949775, 0.8476391197515348, 0.8639195160302012, 0.8594045915040033, 0.8311006997563317, 0.8352544809790026, 0.8489528067552159, 0.867768935326769, 0.8582852885907557, 0.8709592805139289, 0.8671232700775435, 0.8362773756860931, 0.8407571044078037, 0.867384562848549]}
