0.8646896020998946
              precision    recall  f1-score   support

           0       0.78      0.96      0.86       290
           1       0.80      0.93      0.86        40
           2       0.70      0.87      0.78       386
           3       0.98      0.97      0.97       718
           4       0.72      0.76      0.74       254
           5       0.81      0.98      0.89        60
           6       0.70      0.78      0.74        82
           7       0.92      1.00      0.96        11
           8       0.99      0.97      0.98     10699

    accuracy                           0.96     12540
   macro avg       0.82      0.91      0.86     12540
weighted avg       0.97      0.96      0.97     12540

[[  279     1     1     0     1     2     0     0     6]
 [    0    37     0     0     2     1     0     0     0]
 [    1     1   334     4    15     1     1     0    29]
 [    0     1    14   696     0     1     0     0     6]
 [    7     6    11     0   194     2     7     1    26]
 [    1     0     0     0     0    59     0     0     0]
 [    0     0     0     0     1     0    64     0    17]
 [    0     0     0     0     0     0     0    11     0]
 [   68     0   114    13    56     7    19     0 10422]]
{'loss': [0.6405277252197266, 0.25194284319877625, 0.19355182349681854, 0.1616409868001938, 0.1415848433971405, 0.1241086944937706, 0.10726401954889297, 0.09103228896856308, 0.07726026326417923, 0.06859597563743591, 0.06040390580892563, 0.04876146838068962, 0.04287895932793617, 0.039021216332912445, 0.03866758942604065, 0.03322943300008774, 0.028830330818891525, 0.027910936623811722, 0.028042448684573174, 0.024751195684075356, 0.024835124611854553, 0.02244100719690323, 0.022087493911385536, 0.023615917190909386, 0.021815219894051552, 0.02007988840341568, 0.020704513415694237, 0.020394841209053993, 0.02003542147576809, 0.018345952033996582, 0.01788034848868847, 0.01848810352385044, 0.01956755295395851, 0.01765202172100544, 0.016275258734822273, 0.0182326789945364, 0.01621963456273079, 0.020516017451882362, 0.015726273879408836, 0.016741806641221046, 0.01670360006392002, 0.014349752105772495, 0.015509403310716152, 0.01632584258913994, 0.01670329086482525, 0.018960000947117805, 0.01483768317848444, 0.015090889297425747, 0.017926104366779327, 0.017387479543685913, 0.017948415130376816, 0.021130846813321114, 0.014945561066269875, 0.019882937893271446, 0.01288834773004055, 0.017754528671503067, 0.01666177064180374, 0.018488960340619087, 0.021377556025981903, 0.014980838634073734, 0.013184396550059319], 'accuracy': [0.7602888941764832, 0.9132888913154602, 0.933555543422699, 0.9443222284317017, 0.9498111009597778, 0.9560999870300293, 0.9608777761459351, 0.9675666689872742, 0.9722222089767456, 0.9756777882575989, 0.9785444736480713, 0.983044445514679, 0.9853888750076294, 0.9865444302558899, 0.9875222444534302, 0.989122211933136, 0.9902555346488953, 0.9904778003692627, 0.9905222058296204, 0.991955578327179, 0.9920222163200378, 0.9927777647972107, 0.9933000206947327, 0.9931111335754395, 0.9932888746261597, 0.9938333630561829, 0.9936666488647461, 0.9938889145851135, 0.9938777685165405, 0.9944333434104919, 0.9945111274719238, 0.9946222305297852, 0.9944000244140625, 0.9947222471237183, 0.9952777624130249, 0.9948889017105103, 0.9955222010612488, 0.9950222373008728, 0.9955111145973206, 0.995722234249115, 0.9952999949455261, 0.9961444735527039, 0.9959666728973389, 0.9955333471298218, 0.9958555698394775, 0.9952666759490967, 0.9960444569587708, 0.995888888835907, 0.995033323764801, 0.995888888835907, 0.9956666827201843, 0.9951444268226624, 0.9960222244262695, 0.9952555298805237, 0.9964777827262878, 0.995555579662323, 0.9957888722419739, 0.9958778023719788, 0.9954888820648193, 0.9962666630744934, 0.9968666434288025], 'val_loss': [], 'val_accuracy': [], 'f1_score': [0.7238248115468483, 0.8576589451183007, 0.8308379843664603, 0.7693314446326003, 0.7970831798858041, 0.8568448373423427, 0.8452477717124072, 0.835388061049061, 0.8419535244949138, 0.8280927469398661, 0.8203435345991952, 0.8344827560138063, 0.8268951210425382, 0.7955739775579017, 0.8402918721726391, 0.8367538931776966, 0.8413934852290964, 0.838265764205551, 0.819043483442665, 0.7769016720640997, 0.8013753098615779, 0.8193971540155287, 0.8151441075401863, 0.8109503761959518, 0.8513132729637953, 0.8127033582080153, 0.8143417435377158, 0.8390754919383965, 0.8171402100094792, 0.8646896020998946, 0.8580070267434413, 0.8129351765463884, 0.8329118192393842, 0.8412840930607455, 0.8561805718505319, 0.8134675882508522, 0.8321354951503271, 0.807595181792653, 0.7817036449874446, 0.8249162236547372, 0.8088689485372896, 0.8493161413615675, 0.8114633286929092, 0.8420293238127248, 0.8426132467504142, 0.8325585108049771, 0.8277653557218344, 0.8209164032743709, 0.8249422125112474, 0.8380448554589194, 0.8455904845751928, 0.8074790292481481, 0.8351557785093379, 0.8561351048072415, 0.8392422824187837, 0.8259007391825627, 0.8422659715910561, 0.8298203896954303, 0.7976958717439817, 0.8488224485224101, 0.8389228558476738]}
