0.8600477503280256
              precision    recall  f1-score   support

           0       0.93      0.86      0.89       290
           1       0.77      0.85      0.81        40
           2       0.90      0.69      0.78       386
           3       0.98      0.98      0.98       718
           4       0.74      0.67      0.71       254
           5       0.92      0.93      0.93        60
           6       0.61      0.71      0.66        82
           7       1.00      1.00      1.00        11
           8       0.98      0.99      0.99     10699

    accuracy                           0.97     12540
   macro avg       0.87      0.85      0.86     12540
weighted avg       0.97      0.97      0.97     12540

[[  249     1     0     0    12     1     0     0    27]
 [    2    34     0     0     2     0     1     0     1]
 [    0     0   267    13    24     4     2     0    76]
 [    0     0     3   706     0     0     0     0     9]
 [   10     6    11     0   171     0    10     0    46]
 [    0     1     0     0     1    56     0     0     2]
 [    0     1     0     0     1     0    58     0    22]
 [    0     0     0     0     0     0     0    11     0]
 [    6     1    16     5    19     0    24     0 10628]]
{'loss': [0.2616690397262573, 0.14856669306755066, 0.11897971481084824, 0.1013161838054657, 0.09042209386825562, 0.08163700252771378, 0.07337091863155365, 0.06893309205770493, 0.06310713291168213, 0.05567611753940582, 0.049685802310705185, 0.04478941857814789, 0.042603764683008194, 0.035631824284791946, 0.03343697637319565, 0.03176349774003029, 0.029930228367447853, 0.029001381248235703, 0.025999562814831734, 0.02559257671236992, 0.024928992614150047, 0.02381814271211624, 0.02386726252734661, 0.022170335054397583, 0.02134479396045208, 0.020808693021535873, 0.021246667951345444, 0.022961365059018135, 0.017447488382458687, 0.020565887913107872, 0.02074066735804081, 0.020935455337166786, 0.018715791404247284, 0.016609521582722664, 0.021700747311115265, 0.0189740639179945, 0.01814565807580948, 0.01858179271221161, 0.023747103288769722, 0.015431446023285389, 0.016515053808689117, 0.02167031168937683, 0.017129728570580482, 0.019921470433473587, 0.017841272056102753, 0.017900610342621803, 0.020076420158147812, 0.017762385308742523, 0.019872266799211502, 0.018543582409620285, 0.01600286178290844, 0.01633739098906517, 0.01640007644891739, 0.021337691694498062, 0.022513890638947487], 'accuracy': [0.9272534847259521, 0.9550198316574097, 0.9615384340286255, 0.9676563143730164, 0.9700963497161865, 0.9729459881782532, 0.9752257466316223, 0.9770780205726624, 0.9790816903114319, 0.9813346862792969, 0.9832938313484192, 0.9849146008491516, 0.9858229160308838, 0.988182783126831, 0.9887616634368896, 0.9895719885826111, 0.9904001951217651, 0.9903645515441895, 0.9917538166046143, 0.9921634197235107, 0.9925107359886169, 0.9930183291435242, 0.992671012878418, 0.9934635758399963, 0.9939355850219727, 0.9937485456466675, 0.9939444661140442, 0.993338942527771, 0.9949507713317871, 0.9940156936645508, 0.9943986535072327, 0.9941760301589966, 0.9947103261947632, 0.9954405426979065, 0.9942739605903625, 0.9948706030845642, 0.9951822757720947, 0.9948082566261292, 0.9942294359207153, 0.9956186413764954, 0.9953426122665405, 0.9949062466621399, 0.9955474138259888, 0.994888424873352, 0.9953960180282593, 0.995912492275238, 0.9951377511024475, 0.9954138398170471, 0.9950932264328003, 0.9952980279922485, 0.9958590865135193, 0.995689868927002, 0.9954583644866943, 0.9951199293136597, 0.9956097602844238], 'val_loss': [], 'val_accuracy': [], 'f1_score': [0.6335576187463491, 0.6619623832499961, 0.754311166515193, 0.8347299521868767, 0.8239676697815197, 0.8269541172895702, 0.8393480472050764, 0.825440528378158, 0.8283276512873855, 0.8184451856402797, 0.8455532359497417, 0.8051590168353293, 0.8405442167538113, 0.8396011473201052, 0.858607807709734, 0.8498551462275331, 0.8553101186400799, 0.8269464144270386, 0.8436081959123192, 0.8449769188961374, 0.8592754287342179, 0.7786338636301463, 0.8600477503280256, 0.854066105920498, 0.8120609401297041, 0.8332073460276054, 0.8422414452971193, 0.8425761242463372, 0.8495290184774208, 0.8478033419317267, 0.8524975806958306, 0.8447078176277869, 0.8429189994513256, 0.8431718508114001, 0.8280965165986415, 0.8477509962200034, 0.8413694676893252, 0.8424031304058537, 0.8577911957303943, 0.8451569570092222, 0.8573960707998673, 0.8557560008175297, 0.8599719203937689, 0.8264240469229588, 0.8488212757054753, 0.8240213376521205, 0.8450083693100006, 0.8554664108478754, 0.7518046982005876, 0.8459191770891517, 0.8148854926074849, 0.8454179161510921, 0.8513472131305599, 0.8384276630987203, 0.8296644517368437]}
