0.8799474123160642
              precision    recall  f1-score   support

           0       0.88      0.93      0.91       290
           1       0.81      0.72      0.76        40
           2       0.85      0.86      0.85       386
           3       0.99      0.97      0.98       718
           4       0.82      0.74      0.78       254
           5       0.98      0.92      0.95        60
           6       0.67      0.73      0.70        82
           7       1.00      1.00      1.00        11
           8       0.99      0.99      0.99     10699

    accuracy                           0.98     12540
   macro avg       0.89      0.87      0.88     12540
weighted avg       0.98      0.98      0.98     12540

[[  271     1     1     0     1     0     1     0    15]
 [    7    29     0     0     2     1     0     0     1]
 [    0     0   331     5    13     0     1     0    36]
 [    0     0     8   700     0     0     3     0     7]
 [   15     6     6     0   187     0     7     0    33]
 [    1     0     0     0     2    55     0     0     2]
 [    0     0     0     0     4     0    60     0    18]
 [    0     0     0     0     0     0     0    11     0]
 [   13     0    45     5    19     0    17     0 10600]]
{'loss': [0.2451726347208023, 0.1328083723783493, 0.11012102663516998, 0.0977870374917984, 0.08861258625984192, 0.08435726910829544, 0.08051815629005432, 0.0774785727262497, 0.07503323256969452, 0.07282828539609909, 0.07126405835151672, 0.06931894272565842, 0.06802790611982346, 0.0667998194694519, 0.06646986305713654, 0.06464091688394547, 0.06481952220201492, 0.06440018862485886, 0.06311991810798645, 0.06111743301153183, 0.061297159641981125, 0.060539208352565765, 0.059426743537187576, 0.060261182487010956, 0.05793822556734085, 0.06131039559841156, 0.058991171419620514, 0.05920489504933357, 0.05842193216085434, 0.057581182569265366, 0.057689208537340164, 0.05832129716873169, 0.05843377858400345, 0.05618323013186455, 0.056676141917705536, 0.05640063434839249, 0.055585362017154694, 0.0645114928483963, 0.05350153148174286, 0.054213132709264755, 0.05565834045410156, 0.054081402719020844, 0.05329546704888344, 0.05391589552164078, 0.05292569845914841, 0.05291207507252693, 0.05316274240612984, 0.05411965399980545, 0.05248965322971344, 0.051654040813446045, 0.05527137219905853, 0.05072223022580147, 0.052247416228055954, 0.05229971185326576, 0.052869345992803574, 0.05371993035078049, 0.05413316935300827, 0.050831180065870285, 0.0519072525203228, 0.0524129793047905, 0.049799155443906784, 0.05069609358906746, 0.05127130448818207, 0.05076738819479942, 0.05911311134696007, 0.05707003176212311, 0.04854947701096535, 0.0971723422408104, 0.04964674636721611, 0.050644706934690475, 0.05508817359805107, 0.05407050997018814, 0.05066149681806564, 0.04809097573161125], 'accuracy': [0.9321601986885071, 0.9595080614089966, 0.9644860625267029, 0.9686092138290405, 0.9703189730644226, 0.9724740386009216, 0.9726076126098633, 0.9737830758094788, 0.9742729067802429, 0.9753860235214233, 0.9752880930900574, 0.9762765765190125, 0.9766951203346252, 0.9771937727928162, 0.9771581888198853, 0.9776924848556519, 0.9777281284332275, 0.9777370095252991, 0.9775945544242859, 0.9787254929542542, 0.9787967205047607, 0.9787343740463257, 0.9793221354484558, 0.9785206913948059, 0.9796338081359863, 0.9790460467338562, 0.979509174823761, 0.979509174823761, 0.9796516299247742, 0.9800434708595276, 0.9794824123382568, 0.9798386096954346, 0.9799544215202332, 0.9797763228416443, 0.9798831343650818, 0.9806756973266602, 0.980595588684082, 0.980898380279541, 0.9813169240951538, 0.980595588684082, 0.980996310710907, 0.9812456369400024, 0.9811388254165649, 0.9810319542884827, 0.9815395474433899, 0.9814860820770264, 0.9811922311782837, 0.9807558655738831, 0.9814504981040955, 0.9820114970207214, 0.9818690419197083, 0.9820204377174377, 0.9815395474433899, 0.9816641807556152, 0.9819847941398621, 0.9819046258926392, 0.9815306067466736, 0.9816909432411194, 0.9820293188095093, 0.9821450710296631, 0.9824745655059814, 0.9824211597442627, 0.982064962387085, 0.9826793670654297, 0.9808538556098938, 0.9813881516456604, 0.9829287528991699, 0.9803907871246338, 0.9827061295509338, 0.9823142886161804, 0.981922447681427, 0.9816552996635437, 0.9829020500183105, 0.9832404255867004], 'val_loss': [], 'val_accuracy': [], 'f1_score': [0.616179558206258, 0.735186493238195, 0.7517769986146363, 0.8076838444296885, 0.8363862551131694, 0.8277767853748155, 0.8518718807365065, 0.8153638815501417, 0.8208420490233826, 0.8448929182547503, 0.8228568816304893, 0.863958802306114, 0.860017057770912, 0.8590645717506323, 0.8612958479634394, 0.8339939725841942, 0.8426817323806053, 0.8547292512232383, 0.8542146394516789, 0.8709754818681977, 0.8534663130058726, 0.8700316673554693, 0.8658019068727633, 0.8748571985605573, 0.8514695475525699, 0.8740610927827199, 0.8599626007023523, 0.8319940674376398, 0.8437148826296262, 0.8525692294355296, 0.8666089446703533, 0.8437767054533745, 0.8487340318769798, 0.8363860761578218, 0.8541467153551827, 0.8570008334307754, 0.8727506386562385, 0.8755492410853694, 0.8661197551083674, 0.8718442249368494, 0.8363704865342811, 0.8799474123160642, 0.8632574772600629, 0.8548397022929713, 0.8650975806133742, 0.8285674205131939, 0.826122204934588, 0.8600431826190721, 0.8555399795722625, 0.8686544024771599, 0.8508804204859708, 0.873955937998545, 0.864202846007072, 0.8644836468287898, 0.8726149659905786, 0.8735817544332072, 0.857488815613014, 0.8209925822983823, 0.8639499275305994, 0.8566838704767679, 0.8539545510851826, 0.8536257418494101, 0.8195844936181208, 0.8600504058503521, 0.8441390586522883, 0.8650434572894824, 0.8349904105509711, 0.8589814082703323, 0.8646264830239024, 0.8637277249450798, 0.8571659834687021, 0.8727929520979526, 0.8547478304997225, 0.84965015504352]}
