0.8920848038600595
              precision    recall  f1-score   support

           0       0.96      0.92      0.94       290
           1       0.85      0.88      0.86        40
           2       0.92      0.77      0.84       386
           3       0.98      0.98      0.98       718
           4       0.86      0.75      0.80       254
           5       0.92      0.92      0.92        60
           6       0.83      0.67      0.74        82
           7       0.92      1.00      0.96        11
           8       0.99      1.00      0.99     10699

    accuracy                           0.98     12540
   macro avg       0.91      0.88      0.89     12540
weighted avg       0.98      0.98      0.98     12540

[[  268     0     0     0     1     1     0     0    20]
 [    0    35     1     1     2     0     0     0     1]
 [    0     0   297    10    15     2     0     1    61]
 [    0     0     2   703     0     0     0     0    13]
 [    7     5     8     0   191     0     4     0    39]
 [    0     1     0     1     2    55     0     0     1]
 [    0     0     0     0     1     0    55     0    26]
 [    0     0     0     0     0     0     0    11     0]
 [    4     0    15     6    11     2     7     0 10654]]
{'loss': [0.22382478415966034, 0.12667877972126007, 0.10865389555692673, 0.09508942812681198, 0.08879432082176208, 0.08372816443443298, 0.07909028232097626, 0.07688389718532562, 0.07475602626800537, 0.07371963560581207, 0.07271434366703033, 0.07103875279426575, 0.07041960954666138, 0.06867212802171707, 0.06914152950048447, 0.07084197551012039, 0.06721746176481247, 0.06722535938024521, 0.06614948809146881, 0.0657595545053482, 0.06551304459571838, 0.06640683859586716, 0.06588302552700043, 0.09128379821777344, 0.06372076272964478, 0.06393100321292877, 0.06334690004587173, 0.06517153978347778, 0.06380243599414825, 0.06491874903440475, 0.06445533037185669, 0.06300081312656403, 0.06398965418338776, 0.06347620487213135, 0.06113654747605324, 0.06180504336953163, 0.06695263832807541, 0.06304057687520981, 0.06303954124450684, 0.062429506331682205, 0.06416705250740051], 'accuracy': [0.9399611949920654, 0.9611110091209412, 0.9662582278251648, 0.9698203206062317, 0.9716814756393433, 0.9731241464614868, 0.9739434123039246, 0.9749140739440918, 0.9751099944114685, 0.975662112236023, 0.976347804069519, 0.9764012098312378, 0.976748526096344, 0.9772205352783203, 0.9772650599479675, 0.9770067930221558, 0.9778705835342407, 0.9777815341949463, 0.9777548313140869, 0.9781644344329834, 0.978075385093689, 0.9782089591026306, 0.9780219793319702, 0.9767752289772034, 0.9785473942756653, 0.9784850478172302, 0.9786453247070312, 0.979001522064209, 0.9789481163024902, 0.9790549874305725, 0.9790549874305725, 0.9788857698440552, 0.9792509078979492, 0.9790728092193604, 0.9796872735023499, 0.9796783328056335, 0.9793577790260315, 0.9795982241630554, 0.9794290065765381, 0.9791440367698669, 0.9790995121002197], 'val_loss': [], 'val_accuracy': [], 'f1_score': [0.5987245139541404, 0.7517143444042601, 0.8034946928728679, 0.7953850229231985, 0.8154955789028239, 0.803915891668177, 0.8443164927394569, 0.8341460533704972, 0.8763267720469787, 0.8537305692896857, 0.8702361359302893, 0.8647735656075047, 0.8693284963519741, 0.85467517684946, 0.8441992273253635, 0.8710177946081004, 0.8377338280042058, 0.8454328027744136, 0.8564943276155258, 0.8776101442474191, 0.858863673411743, 0.8517484380448038, 0.8603883465626382, 0.8915517251274205, 0.8526185338092316, 0.8920848038600595, 0.8529895681806507, 0.8557344731720244, 0.8476244887250307, 0.8462992417428907, 0.8719724228542334, 0.8674330240006137, 0.8561630042692774, 0.8593380616312606, 0.8548037887783999, 0.8751740105598594, 0.8654986370334963, 0.8711894970511396, 0.8650669108121822, 0.8656548427240358, 0.8395939564898147]}
