0.8620960480735124
              precision    recall  f1-score   support

           0       0.94      0.93      0.94       290
           1       0.80      0.82      0.81        40
           2       0.82      0.78      0.80       386
           3       0.98      0.97      0.97       718
           4       0.78      0.69      0.73       254
           5       0.87      0.92      0.89        60
           6       0.74      0.61      0.67        82
           7       1.00      0.91      0.95        11
           8       0.99      0.99      0.99     10699

    accuracy                           0.97     12540
   macro avg       0.88      0.85      0.86     12540
weighted avg       0.97      0.97      0.97     12540

[[  270     2     0     0     0     0     0     0    18]
 [    1    33     0     0     3     2     0     0     1]
 [    0     0   300     8    18     1     0     0    59]
 [    0     0    10   696     1     0     0     0    11]
 [    8     5    13     0   175     2     8     0    43]
 [    1     1     0     0     1    55     0     0     2]
 [    0     0     1     0     4     0    50     0    27]
 [    0     0     0     0     0     1     0    10     0]
 [    7     0    42     6    21     2    10     0 10611]]
{'loss': [0.24645410478115082, 0.14131751656532288, 0.11656422913074493, 0.10124784708023071, 0.08760939538478851, 0.07813403010368347, 0.06571245193481445, 0.06006566807627678, 0.05268508195877075, 0.04544053599238396, 0.03965158760547638, 0.03930572047829628, 0.036062899976968765, 0.03469754382967949, 0.03178172558546066, 0.03169300779700279, 0.02884051576256752, 0.02659299410879612, 0.028265563771128654, 0.025530671700835228, 0.026404986158013344, 0.031608857214450836, 0.025578677654266357, 0.024424992501735687, 0.027927596122026443, 0.024616161361336708, 0.026522940024733543, 0.025877492502331734, 0.024009203538298607, 0.03282748535275459, 0.02665461227297783, 0.021176032721996307], 'accuracy': [0.9363723993301392, 0.9587689638137817, 0.9646552801132202, 0.9676384925842285, 0.9712184071540833, 0.9750298261642456, 0.9788501858711243, 0.9805599451065063, 0.9834096431732178, 0.9857160449028015, 0.9879067540168762, 0.9880581498146057, 0.9891534447669983, 0.989652156829834, 0.9906228184700012, 0.9909167289733887, 0.991905152797699, 0.9923326373100281, 0.992172360420227, 0.9927511811256409, 0.9929025769233704, 0.9915311336517334, 0.9930806756019592, 0.9934101700782776, 0.992733359336853, 0.9931697249412537, 0.9930806756019592, 0.9932587742805481, 0.9941492676734924, 0.9923771619796753, 0.993499219417572, 0.9947637319564819], 'val_loss': [], 'val_accuracy': [], 'f1_score': [0.5424647402338498, 0.555667432074791, 0.6385588786679871, 0.6751531617977615, 0.8123127042000673, 0.8013407706091737, 0.8192912742109467, 0.8309917013946447, 0.8351973449006093, 0.8361064253468589, 0.7409294744244891, 0.84246670871018, 0.8372051248305804, 0.8620960480735124, 0.8475359555469835, 0.83151802214097, 0.8473170991429069, 0.8388466935913387, 0.8413913467484314, 0.8158035590415702, 0.8493195537494764, 0.8400808744004081, 0.8142541588504376, 0.8152645225208645, 0.8295145663476301, 0.8357355203024137, 0.8352293326691401, 0.8257586774372941, 0.8557558703591185, 0.8451265148446985, 0.8433572813698742, 0.8234450826386817]}
