0.8847268272647197
              precision    recall  f1-score   support

           0       0.89      0.92      0.90       290
           1       0.92      0.82      0.87        40
           2       0.90      0.80      0.85       386
           3       0.98      0.98      0.98       718
           4       0.84      0.72      0.78       254
           5       0.93      0.92      0.92        60
           6       0.92      0.54      0.68        82
           7       1.00      1.00      1.00        11
           8       0.99      1.00      0.99     10699

    accuracy                           0.98     12540
   macro avg       0.93      0.85      0.88     12540
weighted avg       0.98      0.98      0.98     12540

[[  266     1     1     0     1     1     0     0    20]
 [    2    33     0     0     5     0     0     0     0]
 [    0     0   307     9    11     2     0     0    57]
 [    0     0     4   703     0     0     0     0    11]
 [   22     2    10     0   183     0     2     0    35]
 [    3     0     1     0     0    55     0     0     1]
 [    0     0     0     0     7     0    44     0    31]
 [    0     0     0     0     0     0     0    11     0]
 [    6     0    17     8    11     1     2     0 10654]]
{'loss': [0.38309594988822937, 0.24017073214054108, 0.20364731550216675, 0.18289344012737274, 0.16673801839351654, 0.15306508541107178, 0.14241378009319305, 0.13359926640987396, 0.12666383385658264, 0.12071689963340759, 0.11587974429130554, 0.11222883313894272, 0.10689729452133179, 0.10358833521604538, 0.09977260231971741, 0.09619598090648651, 0.09383872896432877, 0.09119123220443726, 0.0887184888124466, 0.08632349967956543, 0.0836028978228569, 0.08060220628976822, 0.07832220941781998, 0.07526759803295135, 0.07483048737049103, 0.07258386164903641, 0.07040227204561234, 0.06835438311100006, 0.06779415905475616, 0.06481960415840149, 0.06337402760982513, 0.06270577758550644, 0.060813289135694504, 0.05972690135240555, 0.05870698764920235, 0.05773254111409187, 0.05605652183294296, 0.05486232042312622, 0.053747761994600296, 0.052446410059928894, 0.05077415704727173, 0.05005522444844246, 0.04860413819551468, 0.04894915968179703, 0.04696466401219368, 0.046009361743927, 0.04519316926598549, 0.043469611555337906, 0.04229378327727318, 0.04096726328134537, 0.040724802762269974, 0.03816140070557594, 0.03742732107639313, 0.03611459583044052, 0.03539735823869705, 0.034328240901231766, 0.03352437913417816, 0.03157088905572891, 0.031232554465532303, 0.03036477603018284, 0.029981113970279694, 0.028324872255325317, 0.026747506111860275, 0.02647549845278263, 0.025538215413689613, 0.024570811539888382, 0.023715345188975334, 0.023341357707977295, 0.02225453034043312, 0.021745620295405388, 0.020329099148511887, 0.020289195701479912, 0.01948893815279007, 0.018670102581381798, 0.017931915819644928, 0.018118441104888916, 0.016890093684196472, 0.01631735824048519, 0.015947524458169937, 0.015646273270249367, 0.01502204779535532], 'accuracy': [0.9043493270874023, 0.9316971302032471, 0.9403975009918213, 0.9450994729995728, 0.9494897127151489, 0.9522948861122131, 0.9561418890953064, 0.9585018157958984, 0.9603718519210815, 0.9620638489723206, 0.9635065197944641, 0.9645305871963501, 0.9658842086791992, 0.9673446416854858, 0.9677721261978149, 0.968858540058136, 0.9690009951591492, 0.969722330570221, 0.9705861210823059, 0.9711293578147888, 0.9716725945472717, 0.9729905724525452, 0.9739255905151367, 0.9751634001731873, 0.9748784303665161, 0.9753147959709167, 0.9767841696739197, 0.9768197536468506, 0.9768465161323547, 0.9781021475791931, 0.9780398011207581, 0.9782000780105591, 0.9789392352104187, 0.979669451713562, 0.9801681041717529, 0.9800256490707397, 0.980533242225647, 0.9810141324996948, 0.9812456369400024, 0.9817977547645569, 0.9822697639465332, 0.9825012683868408, 0.9830533862113953, 0.9829287528991699, 0.9834630489349365, 0.9841398596763611, 0.9841398596763611, 0.98431795835495, 0.9848166704177856, 0.9852707982063293, 0.9856269955635071, 0.9864908456802368, 0.9864463210105896, 0.9873279333114624, 0.9874080419540405, 0.9874169826507568, 0.9880403280258179, 0.9888150691986084, 0.9886903762817383, 0.9891534447669983, 0.9893316030502319, 0.9899816513061523, 0.9902933239936829, 0.990515947341919, 0.9910146594047546, 0.9915311336517334, 0.9913797974586487, 0.9916201829910278, 0.9921812415122986, 0.9923059344291687, 0.992733359336853, 0.9929381608963013, 0.9934279918670654, 0.9934101700782776, 0.9941225647926331, 0.9938287138938904, 0.9941937923431396, 0.9941849112510681, 0.994460940361023, 0.9947103261947632, 0.9947013854980469], 'val_loss': [], 'val_accuracy': [], 'f1_score': [0.3955442655173629, 0.4951203671504836, 0.5388108765455172, 0.5828066484819431, 0.6378980341091967, 0.6341315833422071, 0.7027224862945936, 0.6768695839381269, 0.7248812825434595, 0.7189176746895295, 0.7262785532711616, 0.7515628559463345, 0.7510009826813623, 0.7351319990581815, 0.7632710609825963, 0.7613485256104551, 0.7702313983248114, 0.7673849229776706, 0.7545231026162865, 0.813552589626646, 0.8257561625467871, 0.7948423921608339, 0.8261780979472826, 0.860935279100714, 0.8520409119469323, 0.8713852381463523, 0.8507095829075463, 0.852560304170384, 0.871195202915264, 0.8602988770617581, 0.8592709575355825, 0.8240094842863042, 0.8542998292656443, 0.8539101815638434, 0.8753315638536523, 0.8574881599416698, 0.875416274559609, 0.8835920090014088, 0.8693841681956946, 0.8758300072823658, 0.8796986751686976, 0.8629089139452746, 0.8598908552932994, 0.8720092632162746, 0.8775685962154858, 0.8686070085688891, 0.867270032316055, 0.8625637234066503, 0.8847268272647197, 0.8656287645727869, 0.8541419464695285, 0.8639237721018519, 0.8660531503584642, 0.8547203923516236, 0.8788704309121184, 0.8773062550323047, 0.8726854428896185, 0.8735202151273533, 0.8799092224514558, 0.8786725597867212, 0.872938210646181, 0.8656665725437603, 0.8755232717436404, 0.8838687289637374, 0.8562422883137683, 0.8733920172341517, 0.8804913966876987, 0.8623085793027854, 0.877599889968508, 0.8759587171915925, 0.8634483884845195, 0.8464423657903579, 0.8571227899888331, 0.8810389248910062, 0.870199792110667, 0.8462086316696898, 0.881063141123164, 0.8704667079208636, 0.8684709743379057, 0.8713881074722835, 0.8543450206912474]}
