0.8666835269993647
              precision    recall  f1-score   support

           0       0.90      0.93      0.91       290
           1       0.91      0.75      0.82        40
           2       0.83      0.83      0.83       386
           3       0.95      1.00      0.97       718
           4       0.83      0.66      0.74       254
           5       0.98      0.82      0.89        60
           6       0.75      0.63      0.69        82
           7       0.92      1.00      0.96        11
           8       0.99      0.99      0.99     10699

    accuracy                           0.97     12540
   macro avg       0.90      0.85      0.87     12540
weighted avg       0.97      0.97      0.97     12540

[[  269     1     1     0     2     0     1     0    16]
 [    2    30     0     1     5     0     1     0     1]
 [    0     0   321    17     4     0     0     1    43]
 [    0     0     0   715     0     0     0     0     3]
 [   19     1    22     0   168     0     4     0    40]
 [    3     1     0     4     1    49     0     0     2]
 [    0     0     0     0     7     0    52     0    23]
 [    0     0     0     0     0     0     0    11     0]
 [    7     0    44    13    15     1    11     0 10608]]
{'loss': [0.26628169417381287, 0.1418730467557907, 0.11639580875635147, 0.09777965396642685, 0.08464344590902328, 0.07679775357246399, 0.06786120682954788, 0.06200205162167549, 0.05617329478263855, 0.050035614520311356, 0.04388459771871567, 0.03785216435790062, 0.0329933725297451, 0.02958275005221367, 0.025391284376382828, 0.021679770201444626, 0.020334044471383095, 0.018087852746248245, 0.0167616605758667, 0.014752584509551525, 0.014280867762863636, 0.012278841808438301, 0.01291932724416256, 0.010921700857579708, 0.01172212790697813, 0.010342861525714397, 0.010146749205887318, 0.008777227252721786, 0.008272343315184116, 0.009626281447708607, 0.008914929814636707, 0.008219561539590359, 0.006756073795258999, 0.00821564719080925, 0.006637548562139273, 0.0076105957850813866, 0.007149912882596254, 0.008129347115755081], 'accuracy': [0.9275829792022705, 0.9562487602233887, 0.9628030061721802, 0.9675227403640747, 0.9715479016304016, 0.9740235209465027, 0.9766772985458374, 0.9786097407341003, 0.9804263710975647, 0.9826616048812866, 0.9847453832626343, 0.9867045283317566, 0.9882718324661255, 0.9895987510681152, 0.9910057783126831, 0.9923593401908875, 0.9929471015930176, 0.9942294359207153, 0.9942472577095032, 0.9949329495429993, 0.9953871369361877, 0.9960995316505432, 0.995894730091095, 0.9964824318885803, 0.996455729007721, 0.996918797492981, 0.9969722628593445, 0.9973284602165222, 0.9973373413085938, 0.9968386292457581, 0.9973640441894531, 0.9975065588951111, 0.9980408549308777, 0.9974887371063232, 0.9979518055915833, 0.9975599646568298, 0.9978271126747131, 0.9976846575737], 'val_loss': [], 'val_accuracy': [], 'f1_score': [0.5767136070165098, 0.6647689647289534, 0.7382214623559915, 0.8201018401379656, 0.8048987049192511, 0.7973649580282145, 0.8466695078578591, 0.8455013509142582, 0.8336770878563172, 0.794980587433038, 0.8489079086736672, 0.8564557128462064, 0.7772748428541914, 0.8123408012894896, 0.8575371777542937, 0.8564503309189757, 0.8666835269993647, 0.8193082682406451, 0.8325550997926012, 0.8256693973670939, 0.8404929400253648, 0.8048033091063989, 0.8586530314089349, 0.8330619591410321, 0.8488128362574, 0.8347856417358032, 0.8445665909519371, 0.8567907219866314, 0.8371407342075756, 0.8477022016953474, 0.8527436478208723, 0.8441153275185646, 0.8480481577000989, 0.8657535200280291, 0.8413997033032966, 0.8432712633904117, 0.8403012969940227, 0.8634084651740758]}
