0.889444922106273
              precision    recall  f1-score   support

           0       0.91      0.94      0.92       290
           1       0.94      0.85      0.89        40
           2       0.85      0.80      0.82       386
           3       0.97      0.98      0.98       718
           4       0.72      0.79      0.75       254
           5       0.95      0.92      0.93        60
           6       0.73      0.70      0.71        82
           7       1.00      1.00      1.00        11
           8       0.99      0.99      0.99     10699

    accuracy                           0.97     12540
   macro avg       0.90      0.88      0.89     12540
weighted avg       0.97      0.97      0.97     12540

[[  273     0     0     0     2     1     1     0    13]
 [    1    34     0     0     4     0     0     0     1]
 [    1     0   307    13    25     1     0     0    39]
 [    0     0     2   707     0     0     0     0     9]
 [    6     1     9     0   201     0     6     0    31]
 [    2     1     0     0     1    55     0     0     1]
 [    0     0     0     0     8     0    57     0    17]
 [    0     0     0     0     0     0     0    11     0]
 [   18     0    43    10    38     1    14     0 10575]]
{'loss': [0.29640358686447144, 0.15701763331890106, 0.13043881952762604, 0.11166663467884064, 0.10064513236284256, 0.09116637706756592, 0.08397495746612549, 0.07663507759571075, 0.06857500970363617, 0.06246713176369667, 0.05695094168186188, 0.05077001079916954, 0.045329879969358444, 0.040597088634967804, 0.035065967589616776, 0.030980754643678665, 0.02693832293152809, 0.023691298440098763, 0.020383650436997414, 0.018382735550403595, 0.016201868653297424, 0.014745350927114487, 0.01360511314123869, 0.012106805108487606, 0.011212862096726894, 0.009946282021701336, 0.010432823561131954, 0.010006333701312542, 0.008824653923511505, 0.00866928230971098, 0.007527199573814869, 0.008596659637987614, 0.00767702329903841, 0.007028445601463318, 0.007674874272197485, 0.005912040825933218, 0.007343447767198086, 0.0058206417597830296, 0.006524299271404743, 0.005451181437820196, 0.005725032649934292, 0.005888410843908787, 0.005005559418350458], 'accuracy': [0.9271821975708008, 0.9560796022415161, 0.96128910779953, 0.9657149910926819, 0.9684221744537354, 0.9699271321296692, 0.9717705249786377, 0.9740769863128662, 0.9768553972244263, 0.9789659380912781, 0.9804620146751404, 0.9824300408363342, 0.9843001365661621, 0.9857428073883057, 0.9878532886505127, 0.9894740581512451, 0.9906673431396484, 0.9917538166046143, 0.9933300018310547, 0.9939177632331848, 0.9945500493049622, 0.9950576424598694, 0.9956275224685669, 0.996055006980896, 0.9962598085403442, 0.9969366192817688, 0.9967139959335327, 0.9970434904098511, 0.9972661137580872, 0.9974709153175354, 0.9976935386657715, 0.9975065588951111, 0.9976668357849121, 0.9977380633354187, 0.9976401329040527, 0.9982813000679016, 0.9978538751602173, 0.9982367753982544, 0.998210072517395, 0.9983792304992676, 0.9982278943061829, 0.998450517654419, 0.9985039234161377], 'val_loss': [], 'val_accuracy': [], 'f1_score': [0.515436976670761, 0.6107346856655503, 0.680808233429856, 0.7448771372260595, 0.7578812354931457, 0.7375466299613426, 0.8052381963841301, 0.843998485101144, 0.837904287013325, 0.8752443038573784, 0.8418163312699547, 0.8709975277423818, 0.8628973178787557, 0.8773305218420184, 0.8779809034400082, 0.8660958286244844, 0.8544039193022029, 0.8753837035068044, 0.8777814860395927, 0.8787486109626433, 0.8615888200728687, 0.8779449666750155, 0.8590543940090398, 0.8817196746875536, 0.8487320417774725, 0.8405015272879389, 0.880137031668052, 0.8762770018558319, 0.889444922106273, 0.8703037874629201, 0.8754832297106493, 0.8714970358886969, 0.8518435629403311, 0.8726058162062303, 0.8741767596652066, 0.8618559423270615, 0.8791999630193991, 0.8712682368395973, 0.868695240116407, 0.8606131413393864, 0.8673022443518559, 0.8738004032518185, 0.8582159797471633]}
