0.8863244068923074
              precision    recall  f1-score   support

           0       0.92      0.93      0.93       290
           1       0.84      0.80      0.82        40
           2       0.88      0.79      0.83       386
           3       0.98      0.97      0.97       718
           4       0.85      0.79      0.82       254
           5       0.90      0.92      0.91        60
           6       0.79      0.63      0.70        82
           7       1.00      1.00      1.00        11
           8       0.99      0.99      0.99     10699

    accuracy                           0.98     12540
   macro avg       0.91      0.87      0.89     12540
weighted avg       0.98      0.98      0.98     12540

[[  269     0     0     0     0     1     0     0    20]
 [    2    32     0     0     3     2     0     0     1]
 [    0     0   305     8    11     2     1     0    59]
 [    0     0     6   698     0     1     0     0    13]
 [    7     4    10     0   200     0     2     0    31]
 [    2     1     0     0     0    55     0     0     2]
 [    0     1     0     0     3     0    52     0    26]
 [    0     0     0     0     0     0     0    11     0]
 [   11     0    24     8    17     0    11     0 10628]]
{'loss': [0.2483745962381363, 0.14726775884628296, 0.12733504176139832, 0.11778118461370468, 0.1101081445813179, 0.10463464260101318, 0.10170021653175354, 0.09641894698143005, 0.09585254639387131, 0.09242048114538193, 0.09123189747333527, 0.09033644944429398, 0.08873344212770462, 0.08542346209287643, 0.08412681519985199, 0.08255026489496231, 0.08027061074972153, 0.07798035442829132, 0.07859061658382416, 0.07682354003190994, 0.07576075196266174, 0.07430006563663483, 0.07380456477403641, 0.07279794663190842, 0.07096992433071136, 0.07175300270318985, 0.06972347944974899, 0.0705568715929985, 0.06966818869113922, 0.06963874399662018, 0.06868109107017517, 0.06850209832191467, 0.06778297573328018, 0.06725858151912689, 0.0669858381152153, 0.0651431679725647, 0.06523211300373077, 0.06547395139932632, 0.06559833139181137, 0.06434990465641022, 0.06496438384056091, 0.06524496525526047, 0.06388881057500839, 0.06296969950199127, 0.06409844011068344, 0.06425630301237106, 0.06237982586026192, 0.06274019926786423, 0.06282848119735718, 0.06230331212282181, 0.06208650767803192], 'accuracy': [0.9348317980766296, 0.9566138982772827, 0.9607369899749756, 0.9630256295204163, 0.965376615524292, 0.9662225842475891, 0.9672734141349792, 0.968555748462677, 0.968155026435852, 0.9688674211502075, 0.9694284796714783, 0.9693572521209717, 0.9702388644218445, 0.9710314273834229, 0.9719486236572266, 0.9719931483268738, 0.9728124141693115, 0.9738543629646301, 0.9727590084075928, 0.9739968180656433, 0.9736049771308899, 0.9749051332473755, 0.9748873710632324, 0.9750921726226807, 0.9755463600158691, 0.9752880930900574, 0.9760004878044128, 0.9761607646942139, 0.9762765765190125, 0.9760004878044128, 0.9764724969863892, 0.976445734500885, 0.9767129421234131, 0.9766149520874023, 0.9765259027481079, 0.9771581888198853, 0.9773095846176147, 0.9770780205726624, 0.9771760106086731, 0.9775945544242859, 0.9776212573051453, 0.977211594581604, 0.9775500297546387, 0.9779952764511108, 0.9777904152870178, 0.9776390790939331, 0.9776836037635803, 0.9775500297546387, 0.977977454662323, 0.9778705835342407, 0.978538453578949], 'val_loss': [], 'val_accuracy': [], 'f1_score': [0.6548326639308858, 0.7157282188793894, 0.7573862118034688, 0.7657369116494355, 0.7653736483844426, 0.7056094956750842, 0.756350220860369, 0.7544454834194886, 0.7646404856456004, 0.7920432675227815, 0.7884883559860936, 0.7983542846635047, 0.8060916820131346, 0.8033221605069927, 0.8420324838335284, 0.8405178434451173, 0.8409839124550853, 0.8346800859582125, 0.8291984120515068, 0.8324644097791647, 0.8407079469500794, 0.8312848873728236, 0.8555196582299086, 0.869585117149162, 0.8490940492937509, 0.8587184462589106, 0.8715457412935854, 0.8503111113036756, 0.8640116159686839, 0.8631195982928578, 0.8554484285872763, 0.8676168748880289, 0.8676797084815492, 0.8579659332407741, 0.8863244068923074, 0.867804138507165, 0.8660412492309635, 0.8593241871743869, 0.8599099385680002, 0.8436928085622112, 0.8492948160260628, 0.845608323948624, 0.84025795809437, 0.853769509837222, 0.8676693373170494, 0.8732708550962883, 0.8561318356727564, 0.8515118940360575, 0.8621479341750429, 0.8331465461306257, 0.8763544198582981]}
