0.8480351670703351
              precision    recall  f1-score   support

           0       0.92      0.94      0.93       290
           1       0.86      0.78      0.82        40
           2       0.78      0.82      0.80       386
           3       0.97      0.99      0.98       718
           4       0.69      0.76      0.73       254
           5       0.87      0.97      0.91        60
           6       0.47      0.77      0.59        82
           7       1.00      0.82      0.90        11
           8       0.99      0.98      0.99     10699

    accuracy                           0.97     12540
   macro avg       0.84      0.87      0.85     12540
weighted avg       0.97      0.97      0.97     12540

[[  272     1     1     0     0     0     0     0    16]
 [    1    31     0     1     6     1     0     0     0]
 [    0     0   318     5    22     1     3     0    37]
 [    0     1     6   708     0     0     0     0     3]
 [    7     2    12     0   194     1    13     0    25]
 [    0     0     0     0     2    58     0     0     0]
 [    0     0     0     0     2     0    63     0    17]
 [    0     1     0     0     0     1     0     9     0]
 [   17     0    70    16    55     5    54     0 10482]]
{'loss': [0.5909104943275452, 0.2637466490268707, 0.21335789561271667, 0.18353652954101562, 0.16300280392169952, 0.16148151457309723, 0.13159620761871338, 0.11834574490785599, 0.1127551943063736, 0.10185542702674866, 0.09756463021039963, 0.09997373819351196, 0.0858575850725174, 0.08216089755296707, 0.095052070915699, 0.0796908289194107, 0.08408365398645401, 0.09234101325273514, 0.07106368988752365, 0.07997985929250717, 0.07295035570859909, 0.07441367208957672, 0.07646498829126358, 0.08117614686489105, 0.06945434212684631, 0.09662511944770813, 0.12400096654891968, 0.0761106088757515, 0.07642543315887451, 0.0731537789106369, 0.0798424556851387, 0.07474937289953232, 0.07970432192087173, 0.06786021590232849, 0.07597548514604568, 0.0735846534371376, 0.08421551436185837, 0.08416567742824554, 0.44868749380111694, 0.12326757609844208, 0.07409024238586426, 0.09482241421937943], 'accuracy': [0.7857000231742859, 0.9143555760383606, 0.9314777851104736, 0.9400222301483154, 0.945900022983551, 0.948199987411499, 0.9555444717407227, 0.960266649723053, 0.9632777571678162, 0.9668333530426025, 0.9677666425704956, 0.9690222144126892, 0.9725000262260437, 0.9735444188117981, 0.9714221954345703, 0.9754666686058044, 0.9752110838890076, 0.9734333157539368, 0.9783111214637756, 0.9763333201408386, 0.9782333374023438, 0.9786888957023621, 0.9780222177505493, 0.9769666790962219, 0.9805999994277954, 0.9739111065864563, 0.974133312702179, 0.978244423866272, 0.9796777963638306, 0.980400025844574, 0.9784444570541382, 0.9799666404724121, 0.9786777496337891, 0.9821000099182129, 0.9801555275917053, 0.9805889129638672, 0.9789444208145142, 0.9785777926445007, 0.9786777496337891, 0.9670110940933228, 0.9790555834770203, 0.9778222441673279], 'val_loss': [], 'val_accuracy': [], 'f1_score': [0.7397537274804862, 0.7666986949292325, 0.7418953181883634, 0.8403910573250316, 0.8150076097611253, 0.8263844151702248, 0.7064413147493506, 0.7919374338793675, 0.8474150110341039, 0.826468408118386, 0.8232930189646217, 0.800473930456343, 0.806598062209092, 0.8138374579038775, 0.7722033349888252, 0.8103703233220112, 0.8231730940896221, 0.81322920894271, 0.8219079383758855, 0.8408260404869162, 0.8480351670703351, 0.8302178955177545, 0.770237206214138, 0.8214757208235354, 0.8211323217426327, 0.8197709640413835, 0.8327973148013043, 0.7942096791960283, 0.8337572107728739, 0.7501716778733001, 0.8213671406449596, 0.8170026486771219, 0.8144332992048935, 0.7793417812666038, 0.797653588055647, 0.8463900936150578, 0.8151884604473897, 0.8130206005462193, 0.7587029791280597, 0.7961656666750825, 0.8371101816784133, 0.8318851477668548]}
