0.8841783815042291
              precision    recall  f1-score   support

           0       0.95      0.91      0.93       290
           1       0.94      0.85      0.89        40
           2       0.88      0.82      0.85       386
           3       0.99      0.98      0.99       718
           4       0.64      0.82      0.72       254
           5       0.91      0.97      0.94        60
           6       0.63      0.80      0.71        82
           7       1.00      0.91      0.95        11
           8       0.99      0.99      0.99     10699

    accuracy                           0.97     12540
   macro avg       0.88      0.89      0.88     12540
weighted avg       0.98      0.97      0.97     12540

[[  263     1     1     0     7     0     0     0    18]
 [    0    34     0     1     4     0     1     0     0]
 [    0     0   317     3    22     2     1     0    41]
 [    0     0     4   703     0     0     1     0    10]
 [   10     1     5     0   208     0     9     0    21]
 [    1     0     0     0     1    58     0     0     0]
 [    0     0     0     0     6     0    66     0    10]
 [    0     0     1     0     0     0     0    10     0]
 [    4     0    34     1    75     4    27     0 10554]]
{'loss': [0.6935377717018127, 0.32716476917266846, 0.2405114769935608, 0.2040645331144333, 0.1798512488603592, 0.16124194860458374, 0.14936767518520355, 0.13896799087524414, 0.13272053003311157, 0.1255609542131424, 0.11856409162282944, 0.11581921577453613, 0.10777557641267776, 0.10720169544219971, 0.10008058696985245, 0.0983593538403511, 0.0959373340010643, 0.09181123226881027, 0.08870629221200943, 0.08517511188983917, 0.08611055463552475, 0.08120375871658325, 0.07945127785205841, 0.07869409769773483, 0.07542958110570908, 0.07417415827512741, 0.07114137709140778, 0.06983179599046707, 0.06983911991119385, 0.06661854684352875, 0.06592302769422531, 0.06433138996362686, 0.0647125169634819, 0.06290769577026367, 0.061022888869047165, 0.06114078685641289, 0.059112176299095154, 0.06008937582373619, 0.055290643125772476, 0.055898167192935944, 0.053333964198827744, 0.05262717977166176, 0.052638135850429535, 0.053178463131189346, 0.052485182881355286, 0.05082271620631218, 0.05218749865889549, 0.04718361422419548, 0.04830558970570564, 0.047695428133010864, 0.04473467916250229, 0.04853035509586334, 0.047065164893865585, 0.044797565788030624, 0.04569298401474953, 0.04531418904662132, 0.0433114655315876, 0.04227117449045181, 0.04565030336380005, 0.04198596626520157, 0.04364943131804466, 0.04249553754925728, 0.042525652796030045, 0.039333246648311615, 0.038848116993904114, 0.041194479912519455, 0.038516804575920105, 0.037940509617328644, 0.03864084184169769, 0.03984445706009865, 0.03817177936434746, 0.03652450442314148, 0.03893106430768967, 0.03725242614746094, 0.04093093425035477, 0.034809526056051254], 'accuracy': [0.7375110983848572, 0.8808110952377319, 0.9118444323539734, 0.9254888892173767, 0.9351000189781189, 0.9415444731712341, 0.9459221959114075, 0.9485889077186584, 0.9511222243309021, 0.9541666507720947, 0.95615553855896, 0.9570555686950684, 0.9600333571434021, 0.9606000185012817, 0.9622111320495605, 0.9636444449424744, 0.9648777842521667, 0.9659555554389954, 0.9670000076293945, 0.9682666659355164, 0.9675777554512024, 0.9695555567741394, 0.969688892364502, 0.9707221984863281, 0.971822202205658, 0.972000002861023, 0.9738333225250244, 0.9736777544021606, 0.9742110967636108, 0.9753000140190125, 0.9760777950286865, 0.9756110906600952, 0.9763110876083374, 0.9764111042022705, 0.9771888852119446, 0.9771111011505127, 0.9781222343444824, 0.9781110882759094, 0.9795555472373962, 0.9789000153541565, 0.9804333448410034, 0.9801444411277771, 0.9805111289024353, 0.9800778031349182, 0.981333315372467, 0.9817666411399841, 0.9813555479049683, 0.98253333568573, 0.9825111031532288, 0.9825999736785889, 0.9835777878761292, 0.9832000136375427, 0.9833999872207642, 0.9836778044700623, 0.9837999939918518, 0.9844222068786621, 0.9841777682304382, 0.9848555326461792, 0.9843888878822327, 0.984666645526886, 0.9847777485847473, 0.9852333068847656, 0.9848555326461792, 0.9861000180244446, 0.985622227191925, 0.9850000143051147, 0.9861222505569458, 0.9866111278533936, 0.9863888621330261, 0.9862889051437378, 0.9869999885559082, 0.986811101436615, 0.9864888787269592, 0.9870222210884094, 0.9863888621330261, 0.9877777695655823], 'val_loss': [], 'val_accuracy': [], 'f1_score': [0.7033694698586415, 0.7724754210758669, 0.7497216975813338, 0.7987390213196262, 0.8027666386496862, 0.8090102997563964, 0.8147124674002829, 0.8492529410589861, 0.8345915327332251, 0.7935351792610371, 0.8421064066991634, 0.8524389160396333, 0.8559684485398054, 0.7807698893672206, 0.8525019798995848, 0.781698912243357, 0.8606434595913568, 0.8448215603540825, 0.8416721317132156, 0.8264977174867163, 0.8563030813810997, 0.8692647874900779, 0.8660797691937435, 0.8216710794527439, 0.8347869419454047, 0.8017782221889644, 0.8583309090878388, 0.8195496366268742, 0.8570324036814481, 0.8831412523227207, 0.8423648721861733, 0.841497070078382, 0.835570860680352, 0.8184277959641318, 0.8545429078365974, 0.8640710804189414, 0.8137098856053525, 0.8841783815042291, 0.8032460644758381, 0.7862316535885798, 0.8540077234344824, 0.8804257538654318, 0.842378940006391, 0.8143365777340897, 0.879274270377608, 0.866447654483169, 0.8737012025820374, 0.8176390878119988, 0.8565711377321493, 0.8607186864753884, 0.8581340326081235, 0.82808908284089, 0.8232619718499147, 0.826823680224813, 0.8423164587184083, 0.8363360949026403, 0.8050523515785254, 0.8421379115750396, 0.8119063754154602, 0.8672669356346154, 0.8272206946877684, 0.8541838526506809, 0.8373512298734727, 0.8587869793279044, 0.8455370794572388, 0.8217585590509984, 0.8460387942276754, 0.8264772947566347, 0.8386555475015168, 0.8194834734709466, 0.8663109005244798, 0.8361577471155797, 0.8306121611239177, 0.8662493346125735, 0.8507773873399131, 0.8358195360521353]}
