0.8709806707093382
              precision    recall  f1-score   support

           0       0.94      0.88      0.91       290
           1       0.83      0.85      0.84        40
           2       0.88      0.78      0.83       386
           3       0.99      0.96      0.98       718
           4       0.75      0.73      0.74       254
           5       0.97      0.93      0.95        60
           6       0.61      0.72      0.66        82
           7       1.00      0.91      0.95        11
           8       0.99      0.99      0.99     10699

    accuracy                           0.97     12540
   macro avg       0.88      0.86      0.87     12540
weighted avg       0.97      0.97      0.97     12540

[[  254     1     1     0    12     1     1     0    20]
 [    0    34     0     0     4     0     1     0     1]
 [    0     0   302     3    21     0     4     0    56]
 [    0     0    14   690     0     0     0     0    14]
 [   10     5    10     0   185     1     8     0    35]
 [    1     1     0     0     0    56     0     0     2]
 [    0     0     0     0     4     0    59     0    19]
 [    0     0     1     0     0     0     0    10     0]
 [    5     0    17     4    20     0    24     0 10629]]
{'loss': [0.2862441837787628, 0.15945491194725037, 0.1310010701417923, 0.1117907464504242, 0.09668987989425659, 0.0866491049528122, 0.0796179249882698, 0.07332003116607666, 0.0685986801981926, 0.06224576383829117, 0.05787596106529236, 0.05362653359770775, 0.04816928133368492, 0.04361851513385773, 0.03834429383277893, 0.03698166459798813, 0.032229118049144745, 0.029338598251342773, 0.02710476703941822, 0.02518993429839611, 0.02281796745955944, 0.022845424711704254, 0.019785841926932335, 0.01858646236360073, 0.017622526735067368, 0.01735142059624195, 0.015728481113910675, 0.016171978786587715, 0.014063283801078796, 0.015046336688101292, 0.012706742621958256, 0.01335976179689169, 0.01362807396799326, 0.012923862785100937, 0.012160202488303185, 0.011747360229492188, 0.012086139991879463, 0.010974358767271042, 0.011550369672477245, 0.011214937083423138, 0.01105215959250927, 0.011990576982498169, 0.012542767450213432, 0.010831675492227077, 0.009984040632843971, 0.009083985351026058, 0.010524985380470753, 0.010331282392144203, 0.00883879791945219, 0.009178368374705315, 0.010018935427069664, 0.009363556280732155, 0.00921551138162613, 0.009624771773815155, 0.010725229047238827, 0.009160546585917473, 0.00857873447239399, 0.009420612826943398, 0.010038224048912525, 0.008990242145955563, 0.009836097247898579], 'accuracy': [0.9233351945877075, 0.9523482918739319, 0.9597841501235962, 0.964512825012207, 0.9685468673706055, 0.9716903567314148, 0.973168671131134, 0.9751545190811157, 0.9768286943435669, 0.9782624244689941, 0.9798208475112915, 0.9811477065086365, 0.9829465746879578, 0.9843981266021729, 0.9864284992218018, 0.9868737459182739, 0.9887349009513855, 0.9897768497467041, 0.990418016910553, 0.9914332032203674, 0.9917538166046143, 0.992430567741394, 0.9931252002716064, 0.993802011013031, 0.9939533472061157, 0.9943184852600098, 0.9949329495429993, 0.9948617219924927, 0.9956008195877075, 0.9951644539833069, 0.995894730091095, 0.995591938495636, 0.9957255125045776, 0.996117353439331, 0.9961974620819092, 0.9965893030166626, 0.9963933825492859, 0.9966872930526733, 0.9965358972549438, 0.9968030452728271, 0.9967763423919678, 0.996616005897522, 0.9969276785850525, 0.9968564510345459, 0.9970880150794983, 0.997283935546875, 0.9971948862075806, 0.9968653917312622, 0.9975332617759705, 0.9971770644187927, 0.9975599646568298, 0.9972928166389465, 0.9976401329040527, 0.9973996877670288, 0.997079074382782, 0.9972928166389465, 0.9977024793624878, 0.9975866675376892, 0.9975065588951111, 0.9974709153175354, 0.9973908066749573], 'val_loss': [], 'val_accuracy': [], 'f1_score': [0.5526425941998266, 0.7088213585218672, 0.7213661281326929, 0.7886482220867115, 0.8204499319242956, 0.7943434661558996, 0.8300923999768632, 0.847520458691227, 0.8573702338466883, 0.8641226402135185, 0.8514401063720677, 0.8512252586174823, 0.8399444147093867, 0.8354136005432796, 0.8510736076646015, 0.8549759845733376, 0.8241650013419952, 0.8421342427863101, 0.8602091297260351, 0.8592801112845366, 0.8604156857793462, 0.851634248102179, 0.8550983010679152, 0.8504324954364819, 0.8581930723102598, 0.8556797465942352, 0.8469758668622598, 0.8672832005629909, 0.8484917279118072, 0.8709806707093382, 0.8536062537841302, 0.8506880043935375, 0.8433652437014844, 0.8382671870810271, 0.8574411757954941, 0.8488677527227858, 0.8396371530961094, 0.8430570659622607, 0.800301480618726, 0.86453079235844, 0.8491244310009797, 0.8588561972195213, 0.8561556695642829, 0.8518753821559083, 0.8450459029283811, 0.8465233143992253, 0.8538335284361716, 0.8470044846590553, 0.8191425363823313, 0.8541765268831967, 0.8518718761292237, 0.8517513090459103, 0.8572149241764832, 0.8520245045801081, 0.8088408865583843, 0.85278538555483, 0.8510640167449505, 0.8433814124484639, 0.8502117265701116, 0.8559814545934908, 0.8463452648823601]}
