0.8929061973421852
              precision    recall  f1-score   support

           0       0.93      0.89      0.91       290
           1       0.81      0.95      0.87        40
           2       0.91      0.81      0.86       386
           3       0.99      0.97      0.98       718
           4       0.90      0.71      0.79       254
           5       0.92      0.90      0.91        60
           6       0.84      0.63      0.72        82
           7       1.00      1.00      1.00        11
           8       0.98      1.00      0.99     10699

    accuracy                           0.98     12540
   macro avg       0.92      0.87      0.89     12540
weighted avg       0.98      0.98      0.98     12540

[[  259     1     0     0     1     0     0     0    29]
 [    1    38     0     0     0     0     0     0     1]
 [    0     0   313     4     6     2     0     0    61]
 [    0     0     5   700     0     0     0     0    13]
 [   14     7    11     0   180     1     6     0    35]
 [    1     1     1     0     2    54     0     0     1]
 [    0     0     0     0     3     0    52     0    27]
 [    0     0     0     0     0     0     0    11     0]
 [    3     0    13     6     9     2     4     0 10662]]
{'loss': [0.25866928696632385, 0.14340409636497498, 0.11610203981399536, 0.10257521271705627, 0.09127262234687805, 0.08385351300239563, 0.0788077786564827, 0.07600749284029007, 0.07257364690303802, 0.06866291910409927, 0.06753901392221451, 0.06553630530834198, 0.06410956382751465, 0.0617450512945652, 0.0607980452477932, 0.05861090496182442, 0.05778258293867111, 0.057383500039577484, 0.05618945136666298, 0.054567500948905945, 0.05429951474070549, 0.052893295884132385, 0.052375707775354385, 0.0516161285340786, 0.049996647983789444, 0.050043825060129166, 0.048434916883707047, 0.048608142882585526, 0.047822438180446625, 0.04689757153391838, 0.04655956104397774, 0.04532647877931595, 0.044673506170511246, 0.04396931454539299, 0.04302574321627617, 0.04324571043252945, 0.041940174996852875, 0.04194637015461922, 0.040136996656656265, 0.04075679928064346, 0.04063229262828827, 0.03891025856137276, 0.03886069357395172, 0.03833087906241417, 0.03798337280750275, 0.038539208471775055, 0.03694024309515953, 0.03571302816271782, 0.035319019109010696, 0.03552296385169029, 0.03377462923526764, 0.03308452293276787, 0.0333532989025116, 0.0331302285194397, 0.03240547329187393, 0.032025083899497986, 0.030833004042506218, 0.03095783293247223, 0.029705654829740524, 0.030421655625104904, 0.030262045562267303, 0.028936706483364105, 0.030050748959183693, 0.02877214178442955, 0.02822209894657135, 0.027116596698760986, 0.026674721390008926, 0.027159366756677628, 0.02671859972178936, 0.025345761328935623, 0.0260427575558424, 0.024232106283307076, 0.02592889592051506, 0.024382321164011955, 0.0236583910882473, 0.026873193681240082], 'accuracy': [0.9299695491790771, 0.9555987119674683, 0.9630256295204163, 0.9665253758430481, 0.9700518250465393, 0.9716280698776245, 0.9737029671669006, 0.9741393327713013, 0.9753771424293518, 0.975982666015625, 0.9764546751976013, 0.977514386177063, 0.977977454662323, 0.9781466722488403, 0.9787166118621826, 0.9794468283653259, 0.9790995121002197, 0.9792597889900208, 0.9800968766212463, 0.9800523519515991, 0.9805243611335754, 0.981094241142273, 0.981521725654602, 0.9811744093894958, 0.9822608232498169, 0.9822608232498169, 0.9826259613037109, 0.9822786450386047, 0.9827773571014404, 0.983089029788971, 0.9826971888542175, 0.9834452271461487, 0.9834719300270081, 0.9839082956314087, 0.9843268394470215, 0.983614444732666, 0.9847632050514221, 0.9847543239593506, 0.9847275614738464, 0.9852084517478943, 0.985306441783905, 0.9854578375816345, 0.9858763813972473, 0.9861969351768494, 0.9862592816352844, 0.9861969351768494, 0.9866600036621094, 0.9868025183677673, 0.9870785474777222, 0.987194299697876, 0.9873902201652527, 0.9878532886505127, 0.9880848526954651, 0.9877553582191467, 0.9880759716033936, 0.9882451295852661, 0.9887349009513855, 0.9885122776031494, 0.9893137812614441, 0.9887972474098206, 0.9891000390052795, 0.9892069101333618, 0.9899638295173645, 0.9897412061691284, 0.9897768497467041, 0.9898658990859985, 0.9903111457824707, 0.9902220964431763, 0.9904090762138367, 0.9904625415802002, 0.9904447197914124, 0.991183876991272, 0.9906049966812134, 0.9912907481193542, 0.9914866089820862, 0.9911749362945557], 'val_loss': [], 'val_accuracy': [], 'f1_score': [0.5847121453168379, 0.71976963221592, 0.7050863774614016, 0.8019130171005254, 0.7955083292280045, 0.8211645742707084, 0.8530982658039084, 0.818693965716744, 0.8544614297697427, 0.8296276516564793, 0.8686044651663035, 0.8658723919481583, 0.8678910053026212, 0.8687409398461987, 0.8709617203484108, 0.880979037157593, 0.8816465183200388, 0.8732829834390278, 0.8797330243587536, 0.8654323987825202, 0.8696153279703237, 0.876579888282262, 0.8727076998794077, 0.8782002181089403, 0.8385531814367824, 0.8673048319925543, 0.871098277498471, 0.8822992895310223, 0.8715334100825013, 0.8767920401663696, 0.8488766791250106, 0.8813486280260887, 0.8748004670209261, 0.8723115978939237, 0.8792872244263008, 0.852132881070628, 0.8704296718194452, 0.862345343598867, 0.8825049975882032, 0.8748245337750512, 0.8456577069253132, 0.8699579190314292, 0.8807710739789789, 0.8517342705367522, 0.8860172655947702, 0.8878316686851511, 0.8754278687617251, 0.8766300934042689, 0.8846108313269707, 0.8646744367446826, 0.8759294028871616, 0.8636724476310516, 0.8763029744951188, 0.8634796155605281, 0.8929061973421852, 0.8818081076912591, 0.8738516245564987, 0.8649124868649718, 0.8848305959381823, 0.875586204196315, 0.8608535663689326, 0.8836002183852713, 0.8884465432162454, 0.872465856169737, 0.8889636115464494, 0.8790183142999898, 0.8830153703554586, 0.8895355511585746, 0.8887443534117091, 0.869453900621736, 0.8919228258016495, 0.8703524904949596, 0.8789930731054171, 0.8892771412043934, 0.8756354574350298, 0.8648090137606433]}
