0.8940447000720977
              precision    recall  f1-score   support

           0       0.91      0.95      0.93       290
           1       0.76      0.93      0.83        40
           2       0.90      0.83      0.86       386
           3       0.98      0.98      0.98       718
           4       0.83      0.75      0.79       254
           5       0.97      0.93      0.95        60
           6       0.75      0.68      0.71        82
           7       1.00      1.00      1.00        11
           8       0.99      0.99      0.99     10699

    accuracy                           0.98     12540
   macro avg       0.90      0.89      0.89     12540
weighted avg       0.98      0.98      0.98     12540

[[  275     1     0     0     1     0     0     0    13]
 [    0    37     0     0     2     0     0     0     1]
 [    0     0   320     5    14     0     3     0    44]
 [    0     0     2   705     0     0     1     0    10]
 [   12     8     8     0   190     1     8     0    27]
 [    0     2     0     0     0    56     0     0     2]
 [    0     1     0     0     3     0    56     0    22]
 [    0     0     0     0     0     0     0    11     0]
 [   16     0    25     8    18     1     7     0 10624]]
{'loss': [0.2625739276409149, 0.1487153023481369, 0.12219200283288956, 0.10308381915092468, 0.09225666522979736, 0.08620526641607285, 0.08065345883369446, 0.07586786895990372, 0.07398077845573425, 0.07254305481910706, 0.06877841055393219, 0.06709972769021988, 0.06605672091245651, 0.06448376923799515, 0.0628613829612732, 0.06314831972122192, 0.060801129788160324, 0.06004244461655617, 0.05866478756070137, 0.0588572695851326, 0.057096682488918304, 0.05761846899986267, 0.0558365136384964, 0.05616612359881401, 0.0542999729514122, 0.054813452064991, 0.05368386209011078, 0.05369659885764122, 0.05193859338760376, 0.06259084492921829, 0.05145294964313507, 0.05236827954649925, 0.050646211951971054, 0.0504884235560894, 0.050018370151519775, 0.04951406270265579, 0.048711925745010376, 0.04868430271744728, 0.048261608928442, 0.04770089313387871, 0.04790244996547699, 0.04674855247139931, 0.046779830008745193, 0.04750076308846474, 0.046330709010362625, 0.04574122652411461, 0.04554883763194084, 0.0455981083214283, 0.04476413130760193, 0.04468579217791557, 0.04478730633854866, 0.055596813559532166, 0.04254477471113205, 0.041106950491666794, 0.04370248690247536, 0.04324669763445854, 0.042447131127119064, 0.0422971174120903, 0.042601123452186584, 0.040701884776353836, 0.054496895521879196, 0.04080219939351082, 0.04220234975218773, 0.04052908346056938, 0.04140867292881012, 0.043537240475416183, 0.04268759861588478, 0.03981687128543854, 0.040879350155591965, 0.04032342508435249, 0.04122514650225639, 0.03897755593061447, 0.03902105242013931, 0.03784796595573425, 0.03891238570213318, 0.07058750092983246, 0.03744746372103691, 0.03915734961628914, 0.0370795838534832, 0.038805991411209106, 0.037553317844867706, 0.04033716395497322, 0.03598356246948242, 0.03692896291613579, 0.03624220937490463, 0.03560749813914299, 0.0378216914832592, 0.03531483933329582, 0.03595169633626938, 0.036476388573646545, 0.03656810522079468, 0.03658830001950264, 0.036497633904218674, 0.04065170884132385, 0.03778006136417389, 0.035327255725860596, 0.034724388271570206, 0.033472590148448944], 'accuracy': [0.9284111261367798, 0.9551088809967041, 0.9620906114578247, 0.9666233062744141, 0.9694640636444092, 0.9712985754013062, 0.9730261564254761, 0.974335253238678, 0.9746202230453491, 0.9751990437507629, 0.9763389229774475, 0.9769800901412964, 0.9772650599479675, 0.9775410890579224, 0.9781733751296997, 0.9780576229095459, 0.9786275029182434, 0.9786987900733948, 0.9791173338890076, 0.9790728092193604, 0.9797228574752808, 0.9801058173179626, 0.9801948666572571, 0.9800256490707397, 0.980533242225647, 0.9806846380233765, 0.9806044697761536, 0.9811210036277771, 0.9814148545265198, 0.9815573692321777, 0.9816820025444031, 0.9814237356185913, 0.9816998243331909, 0.9819402694702148, 0.981922447681427, 0.981824517250061, 0.9822074174880981, 0.9825814366340637, 0.9822964668273926, 0.9825903177261353, 0.9826971888542175, 0.9826081395149231, 0.9833383560180664, 0.9827951788902283, 0.9832582473754883, 0.9829198122024536, 0.9833561778068542, 0.9837658405303955, 0.9837391376495361, 0.984380304813385, 0.983774721622467, 0.9835877418518066, 0.9841932654380798, 0.9850570559501648, 0.9841665625572205, 0.9845851063728333, 0.9849680066108704, 0.9847186803817749, 0.9845584034919739, 0.9848967790603638, 0.9844960570335388, 0.9851105213165283, 0.98478102684021, 0.9851995706558228, 0.9853242635726929, 0.984941303730011, 0.9848878979682922, 0.9855201244354248, 0.9853598475456238, 0.985609233379364, 0.9855201244354248, 0.9856448173522949, 0.9860010147094727, 0.9862949252128601, 0.9860544800758362, 0.9860188364982605, 0.986232578754425, 0.9859476089477539, 0.9863572120666504, 0.9858229160308838, 0.9863216280937195, 0.9856537580490112, 0.9867401719093323, 0.9866421818733215, 0.9869716763496399, 0.9868737459182739, 0.9862236380577087, 0.9871587157249451, 0.986998438835144, 0.9869627952575684, 0.9870785474777222, 0.9870874881744385, 0.9870607256889343, 0.9866956472396851, 0.9864463210105896, 0.9873456954956055, 0.9876663088798523, 0.9881293773651123], 'val_loss': [], 'val_accuracy': [], 'f1_score': [0.6076979300966846, 0.6931315311330892, 0.7094307486481349, 0.7845481550707263, 0.8368257820499219, 0.8321166522935334, 0.8174535652042614, 0.8206046950223663, 0.842033509416949, 0.8695012424356205, 0.8582386636527888, 0.8399577667647766, 0.8390705280558195, 0.8711222541811743, 0.8665243298159763, 0.8821733678383983, 0.8713230597946978, 0.8807807665414935, 0.8782063339898273, 0.8680772265062097, 0.8625888640152234, 0.8398061015237288, 0.8842478414360284, 0.8834370361280097, 0.8672274698085991, 0.875803141482578, 0.8598832383555967, 0.8702145527418662, 0.8615036729325547, 0.8696052035094111, 0.8889660712217593, 0.8809109696470435, 0.8837127177538577, 0.8612843154009768, 0.8336296231718489, 0.8870453164360684, 0.8264300194545445, 0.8878343018510998, 0.874556421879707, 0.8721089234350923, 0.8757101979061885, 0.8800338740782371, 0.863665773419316, 0.8861133520080203, 0.8662195262632851, 0.84630026918556, 0.8631008350103448, 0.8503545184261516, 0.8685549429863291, 0.8832614571373907, 0.8807984924885107, 0.8788437460267741, 0.8788647555854204, 0.8612045870170288, 0.8753120363518984, 0.856742434509723, 0.8893429952239464, 0.8700515913455387, 0.8828519940204467, 0.8868834419535611, 0.8747981774480562, 0.8541155420023442, 0.8478895289137588, 0.877607736944101, 0.8752324422555763, 0.8355688524281792, 0.8940447000720977, 0.8688375620965103, 0.8912898787408251, 0.8614442897052548, 0.8791545086318105, 0.8346120610859907, 0.860548521446297, 0.8734794993860119, 0.8874165912122296, 0.8713256755242947, 0.8913208368889991, 0.8829718321790895, 0.8838010785949132, 0.8821525456281507, 0.8579597374380482, 0.8823726315723237, 0.8893972380660617, 0.8761292034588631, 0.890663374129805, 0.847495139793007, 0.8691740693866722, 0.881852270144578, 0.8823706809797427, 0.8662558375665854, 0.8678886650793695, 0.884382747512782, 0.8651143813487798, 0.8934833362544805, 0.8742127020532947, 0.8599613597529303, 0.869899670224534, 0.8627665801223137]}
