0.8671779533756389
              precision    recall  f1-score   support

           0       0.92      0.90      0.91       290
           1       0.91      0.78      0.84        40
           2       0.86      0.75      0.80       386
           3       0.97      0.97      0.97       718
           4       0.77      0.73      0.75       254
           5       0.86      0.95      0.90        60
           6       0.72      0.66      0.69        82
           7       0.92      1.00      0.96        11
           8       0.99      0.99      0.99     10699

    accuracy                           0.97     12540
   macro avg       0.88      0.86      0.87     12540
weighted avg       0.97      0.97      0.97     12540

[[  261     1     1     0     3     1     0     0    23]
 [    2    31     0     1     3     2     0     0     1]
 [    1     0   291    12    22     0     0     1    59]
 [    0     0     5   699     0     1     0     0    13]
 [    8     2    11     0   185     1     8     0    39]
 [    0     0     0     0     1    57     0     0     2]
 [    0     0     0     0     5     0    54     0    23]
 [    0     0     0     0     0     0     0    11     0]
 [   12     0    32    10    22     4    13     0 10606]]
{'loss': [0.22925284504890442, 0.13089264929294586, 0.10652367770671844, 0.09200910478830338, 0.07679984718561172, 0.06628550589084625, 0.057682644575834274, 0.05136360228061676, 0.042017873376607895, 0.03802720457315445, 0.03517499566078186, 0.034552570432424545, 0.036355987191200256, 0.028733324259519577, 0.029179995879530907, 0.027203023433685303, 0.029887069016695023, 0.02622278593480587, 0.024806160479784012, 0.02473459765315056, 0.023163603618741035, 0.02568926475942135, 0.024196475744247437, 0.02647313103079796, 0.11039727181196213, 0.02993117645382881, 0.023162001743912697, 0.02349838614463806, 0.02575244940817356, 0.04775404557585716, 0.022500522434711456, 0.025380974635481834, 0.029813183471560478, 0.024004802107810974, 0.025680994614958763, 0.02563810907304287, 0.02362140826880932, 0.02507343702018261, 0.029412604868412018, 0.03094015270471573, 0.018538596108555794, 0.02530108019709587, 0.023658614605665207, 0.02989957109093666], 'accuracy': [0.9410832524299622, 0.9608438611030579, 0.9661157131195068, 0.9706395864486694, 0.9747893810272217, 0.9784761667251587, 0.9811031818389893, 0.9834630489349365, 0.9865709543228149, 0.9875327348709106, 0.9890643954277039, 0.9895007610321045, 0.9886726140975952, 0.9913619756698608, 0.9913797974586487, 0.9921010732650757, 0.9917983412742615, 0.9923415184020996, 0.9929025769233704, 0.9930717349052429, 0.9933478236198425, 0.9931607842445374, 0.9934012293815613, 0.992733359336853, 0.9918873906135559, 0.9917538166046143, 0.9941760301589966, 0.9936951398849487, 0.9934546947479248, 0.9931073784828186, 0.9940068125724792, 0.9936060905456543, 0.993338942527771, 0.9936149716377258, 0.9939266443252563, 0.9941670894622803, 0.9943897128105164, 0.9940246343612671, 0.9929025769233704, 0.9916291236877441, 0.9954227209091187, 0.9938375949859619, 0.9941670894622803, 0.993436872959137], 'val_loss': [], 'val_accuracy': [], 'f1_score': [0.593755004018933, 0.6470172863987304, 0.7092856246556588, 0.7540410120610164, 0.8376538420499027, 0.8452469761176893, 0.8463290908025581, 0.834837025819217, 0.8511998346848433, 0.839360467033159, 0.8502369769708373, 0.8373962654626365, 0.8640574522285864, 0.8437830008856702, 0.8459861595782581, 0.8568244784475358, 0.8143478599776598, 0.853873457257969, 0.8444321908232436, 0.8553689502847399, 0.8550780526140849, 0.8300831989034564, 0.8419764868085264, 0.8058433437736101, 0.826351138051404, 0.8671779533756389, 0.8256726724608272, 0.8181348319739116, 0.819371658960948, 0.8302013691558408, 0.8592418315069504, 0.840832784726017, 0.8381657504511244, 0.837954468201423, 0.8362433462443163, 0.8521994338997151, 0.8255776575486116, 0.8409138635004578, 0.8136309416173038, 0.8458580262135464, 0.820409986367449, 0.8386111070232585, 0.8092533347051886, 0.837086720383225]}
