0.8745365080069766
              precision    recall  f1-score   support

           0       0.88      0.94      0.91       290
           1       0.84      0.90      0.87        40
           2       0.75      0.90      0.82       386
           3       0.97      0.99      0.98       718
           4       0.69      0.86      0.77       254
           5       0.84      0.95      0.89        60
           6       0.59      0.84      0.70        82
           7       1.00      0.91      0.95        11
           8       1.00      0.98      0.99     10699

    accuracy                           0.97     12540
   macro avg       0.84      0.92      0.87     12540
weighted avg       0.97      0.97      0.97     12540

[[  274     1     2     0     3     1     0     0     9]
 [    1    36     0     0     2     1     0     0     0]
 [    0     1   348     7    16     0     2     0    12]
 [    0     0     3   709     0     1     0     0     5]
 [    9     4     4     0   219     1     5     0    12]
 [    0     1     1     0     1    57     0     0     0]
 [    0     0     0     0     5     0    69     0     8]
 [    0     0     1     0     0     0     0    10     0]
 [   29     0   103    13    70     7    40     0 10437]]
{'loss': [1.0856438875198364, 0.6455254554748535, 0.5316580533981323, 0.45581692457199097, 0.40552425384521484, 0.375205934047699, 0.35052016377449036, 0.32510653138160706, 0.3031156361103058, 0.28525543212890625, 0.2656068503856659, 0.2518998384475708, 0.23876900970935822, 0.22503726184368134, 0.2157861739397049, 0.20579248666763306, 0.19784127175807953, 0.18747979402542114, 0.18197260797023773, 0.17671461403369904, 0.16863428056240082, 0.1644849330186844, 0.1595279723405838, 0.15422052145004272, 0.15173475444316864, 0.14636282622814178, 0.1427934765815735, 0.14101727306842804, 0.13941265642642975, 0.13325250148773193, 0.13212256133556366, 0.12706491351127625, 0.12461812794208527, 0.12258391827344894, 0.12290556728839874, 0.11866206675767899, 0.11723538488149643, 0.11532990634441376, 0.11367692053318024, 0.11215441673994064, 0.11027682572603226, 0.10857919603586197, 0.10501185804605484, 0.10287546366453171, 0.102742038667202, 0.1007729023694992, 0.09980430454015732, 0.0993640199303627, 0.09744647145271301, 0.09593324363231659, 0.09565117955207825, 0.09219519048929214, 0.09142284095287323, 0.09265605360269547, 0.0890212431550026, 0.0889158844947815, 0.08802034705877304, 0.08649731427431107, 0.08485971391201019, 0.0839744433760643, 0.08369165658950806, 0.0828179121017456, 0.08108032494783401, 0.08023767918348312, 0.07906884700059891, 0.078224316239357, 0.07770521193742752, 0.07664797455072403, 0.07494297623634338, 0.07547258585691452, 0.07383086532354355, 0.07408719509840012, 0.0728180855512619, 0.07163108885288239, 0.0717804804444313, 0.06973860412836075, 0.07074455171823502, 0.06830574572086334, 0.06796914339065552, 0.06810980290174484, 0.067021943628788, 0.06642917543649673, 0.066066674888134, 0.0668884739279747, 0.0643782839179039, 0.06479567289352417, 0.06392058730125427, 0.06294125318527222, 0.06204436719417572, 0.06134447082877159, 0.062490880489349365, 0.06085261330008507, 0.059882406145334244], 'accuracy': [0.5832111239433289, 0.7642999887466431, 0.8060444593429565, 0.8344666957855225, 0.8524888753890991, 0.8626888990402222, 0.8723888993263245, 0.8816778063774109, 0.889033317565918, 0.8966444730758667, 0.9042111039161682, 0.908644437789917, 0.9126555323600769, 0.9176555275917053, 0.9212666749954224, 0.9240444302558899, 0.9281777739524841, 0.9319888949394226, 0.9338222146034241, 0.9351111054420471, 0.9376111030578613, 0.9400444626808167, 0.942122220993042, 0.9422222375869751, 0.94358891248703, 0.9458777904510498, 0.9471777677536011, 0.9478444457054138, 0.9491888880729675, 0.9508444666862488, 0.9509444236755371, 0.9527888894081116, 0.9539333581924438, 0.9544110894203186, 0.9540555477142334, 0.9556999802589417, 0.9571333527565002, 0.9569222331047058, 0.9579777717590332, 0.9583333134651184, 0.9593444466590881, 0.9596666693687439, 0.9607444405555725, 0.960622251033783, 0.9617778062820435, 0.9625555276870728, 0.9621333479881287, 0.9624000191688538, 0.9633333086967468, 0.9636444449424744, 0.9635666608810425, 0.9649778008460999, 0.9650222063064575, 0.964722216129303, 0.9663333296775818, 0.966188907623291, 0.9664000272750854, 0.9678221940994263, 0.9677444696426392, 0.9678999781608582, 0.967988908290863, 0.968488872051239, 0.9696999788284302, 0.9691555500030518, 0.9700999855995178, 0.9706555604934692, 0.970966637134552, 0.9712888598442078, 0.9719333052635193, 0.9717000126838684, 0.971655547618866, 0.9722444415092468, 0.9722889065742493, 0.9731333255767822, 0.9727888703346252, 0.9735555648803711, 0.973288893699646, 0.9744333624839783, 0.9743666648864746, 0.974133312702179, 0.974744439125061, 0.9747333526611328, 0.9754999876022339, 0.9747666716575623, 0.9762333035469055, 0.9756222367286682, 0.9759222269058228, 0.9761333465576172, 0.9765444397926331, 0.9767333269119263, 0.9765555262565613, 0.9768333435058594, 0.9776777625083923], 'val_loss': [], 'val_accuracy': [], 'f1_score': [0.6675131165763585, 0.7109782864973695, 0.7359054633744315, 0.7292795900702546, 0.6931659441386729, 0.7268912190407543, 0.6471981929863486, 0.7672521197164721, 0.7651166833387031, 0.7420655075607081, 0.7404518548733443, 0.7536553759602547, 0.7914240382833151, 0.8072705987886796, 0.7082938301558979, 0.8098012988027671, 0.816742393288551, 0.7924707192872604, 0.8363139149330384, 0.8173884296512812, 0.8388825754604985, 0.7950784790339323, 0.8449071264564858, 0.8343940816589387, 0.8496314120684905, 0.8238375261414155, 0.8412982463429887, 0.8628518970852733, 0.8624288644119581, 0.8308604648579557, 0.8261693479310073, 0.8225635870849864, 0.8486305568447693, 0.8331909584506224, 0.7691975557937307, 0.8738797457812064, 0.8407964295801702, 0.8418908192721651, 0.8294319301595471, 0.8439674376764137, 0.8586154643816607, 0.8513761758078411, 0.8606281151353297, 0.8239654787490993, 0.8488167008029593, 0.860717869139, 0.8718757147703783, 0.8548444556716343, 0.8398271944351268, 0.8355986339577476, 0.8649075052388652, 0.8529947169703808, 0.8745365080069766, 0.8414968075114163, 0.856193435570788, 0.8594101137186906, 0.8310396003289733, 0.8250424576108393, 0.8552230419219674, 0.8721462173897022, 0.8703709455285126, 0.867787659052174, 0.8462080584489596, 0.8640385380786366, 0.8480817720777813, 0.8272446320111085, 0.859246743118505, 0.8676128996408274, 0.868993365859844, 0.8595240777391208, 0.8480149442247854, 0.8501875003923676, 0.8372638326021644, 0.8604822072172914, 0.8608769382499873, 0.8498037347521514, 0.8293174079559981, 0.847780317816615, 0.8433003994728195, 0.868264890874123, 0.8369941339183132, 0.8647045231514037, 0.861373626934301, 0.8515643311710532, 0.8638299630364258, 0.8507637216509178, 0.8502774661467274, 0.8591044141053852, 0.8467645044415336, 0.8403184494737338, 0.8647015101229321, 0.8431325219964789, 0.8663652343153894]}
