0.8588788299620785
              precision    recall  f1-score   support

           0       0.83      0.97      0.90       290
           1       0.85      0.82      0.84        40
           2       0.67      0.90      0.77       386
           3       0.95      0.99      0.97       718
           4       0.72      0.81      0.77       254
           5       0.93      0.90      0.92        60
           6       0.53      0.80      0.64        82
           7       1.00      0.91      0.95        11
           8       0.99      0.97      0.98     10699

    accuracy                           0.96     12540
   macro avg       0.83      0.90      0.86     12540
weighted avg       0.97      0.96      0.97     12540

[[  281     1     2     0     1     0     0     0     5]
 [    1    33     0     1     3     1     1     0     0]
 [    0     0   348     6    13     1     1     0    17]
 [    0     0     5   713     0     0     0     0     0]
 [    6     4    10     0   207     1     9     0    17]
 [    0     1     2     0     2    54     0     0     1]
 [    0     0     0     0     3     0    66     0    13]
 [    0     0     1     0     0     0     0    10     0]
 [   49     0   148    28    57     1    48     0 10368]]
{'loss': [0.7848134636878967, 0.38572633266448975, 0.28112277388572693, 0.22606432437896729, 0.20037701725959778, 0.17854514718055725, 0.16419467329978943, 0.15172939002513885, 0.13677987456321716, 0.12939727306365967, 0.11919764429330826, 0.11136502772569656, 0.1021626740694046, 0.09779878705739975, 0.09008387476205826, 0.08468197286128998, 0.07734546810388565, 0.07261738181114197, 0.0680229440331459, 0.06461235880851746, 0.05867329612374306, 0.05631774663925171, 0.051993370056152344, 0.04848533496260643, 0.04297035187482834, 0.041392527520656586, 0.039874982088804245, 0.04017530009150505, 0.03501243516802788, 0.03396138548851013, 0.03191518783569336, 0.029954267665743828, 0.029902750626206398, 0.027394257485866547, 0.02555377408862114, 0.026194961741566658, 0.024170108139514923, 0.023459594696760178, 0.024434203281998634, 0.023815788328647614, 0.02156986854970455, 0.020617304369807243, 0.021287154406309128, 0.01956016942858696, 0.021056437864899635, 0.018970010802149773, 0.017514685168862343, 0.020030491054058075, 0.017669009044766426, 0.01812443882226944, 0.01879478618502617, 0.01663384959101677, 0.0163178201764822, 0.016083160415291786], 'accuracy': [0.7032555341720581, 0.8602444529533386, 0.8994333148002625, 0.919355571269989, 0.9291777610778809, 0.9356333613395691, 0.9408666491508484, 0.9452333450317383, 0.9498999714851379, 0.9530222415924072, 0.9573222398757935, 0.9595111012458801, 0.9630333185195923, 0.9642221927642822, 0.967644453048706, 0.968844473361969, 0.971655547618866, 0.9735555648803711, 0.9747222065925598, 0.9760777950286865, 0.9788222312927246, 0.9794777631759644, 0.9811555743217468, 0.9827444553375244, 0.9850333333015442, 0.9851111173629761, 0.9856333136558533, 0.9862444400787354, 0.9875555634498596, 0.9883444309234619, 0.9888777732849121, 0.9895111322402954, 0.989300012588501, 0.9906444549560547, 0.9912555813789368, 0.9908888936042786, 0.9912555813789368, 0.9919000267982483, 0.9918444156646729, 0.9919000267982483, 0.9927555322647095, 0.9932666420936584, 0.9928444623947144, 0.9936000108718872, 0.9933888912200928, 0.993744432926178, 0.9943333268165588, 0.9936888813972473, 0.9940778017044067, 0.9945777654647827, 0.9943000078201294, 0.9946333169937134, 0.9945111274719238, 0.9950000047683716], 'val_loss': [], 'val_accuracy': [], 'f1_score': [0.7108844170798065, 0.7868218975762004, 0.7654645681942528, 0.7460222520402122, 0.8515138489185119, 0.84414217808868, 0.8403399162573365, 0.8260001570733397, 0.8399367790648044, 0.850229785606642, 0.8404685577472688, 0.8435400000319587, 0.8474785127905002, 0.8312457537315431, 0.8142228973114534, 0.8389664667165269, 0.8588788299620785, 0.7896918955135974, 0.8559325756293281, 0.8052472382447687, 0.8292115363340373, 0.8288088032851167, 0.8529050222136902, 0.7743883606296826, 0.8127281953113319, 0.8036768515963436, 0.7854981879008134, 0.8158495411323547, 0.7735417571037145, 0.8365391149038234, 0.8321639266684194, 0.8473784547182365, 0.7870902541405276, 0.8103093483939232, 0.8301138419698968, 0.8574084835658563, 0.8412705576337072, 0.8323799984072404, 0.824774269154875, 0.8004834738973676, 0.8341683143530084, 0.8337154705094441, 0.8303539356415648, 0.8269438986607232, 0.8306093383804041, 0.8370236638056966, 0.8358112570203106, 0.8130498915781693, 0.8354488860283222, 0.8043177834606089, 0.8448441499739129, 0.8239962170929029, 0.8201564142352223, 0.8088779613152187]}
