0.867617637912162
              precision    recall  f1-score   support

           0       0.91      0.89      0.90       290
           1       0.81      0.88      0.84        40
           2       0.79      0.83      0.81       386
           3       0.97      0.99      0.98       718
           4       0.66      0.80      0.72       254
           5       0.90      0.95      0.93        60
           6       0.64      0.73      0.68        82
           7       1.00      0.91      0.95        11
           8       0.99      0.98      0.99     10699

    accuracy                           0.97     12540
   macro avg       0.85      0.88      0.87     12540
weighted avg       0.97      0.97      0.97     12540

[[  259     1     2     1    12     0     0     0    15]
 [    1    35     0     1     1     1     1     0     0]
 [    1     0   322     6    17     0     2     0    38]
 [    0     0     2   710     0     0     1     0     5]
 [    9     5     9     0   203     1     6     0    21]
 [    1     0     0     0     0    57     0     0     2]
 [    0     0     0     0     3     0    60     0    19]
 [    0     0     0     0     0     1     0    10     0]
 [   15     2    71    12    70     3    24     0 10502]]
{'loss': [0.7278832197189331, 0.31646329164505005, 0.23414169251918793, 0.19975177943706512, 0.17543376982212067, 0.15838345885276794, 0.1440834105014801, 0.1308944672346115, 0.1193019226193428, 0.11268866062164307, 0.10255596041679382, 0.09382506459951401, 0.08382623642683029, 0.07993452996015549, 0.07319947332143784, 0.06861098855733871, 0.06236819177865982, 0.0574486181139946, 0.05270086228847504, 0.0480537973344326, 0.04818487539887428, 0.04324101656675339, 0.040026772767305374, 0.03814217820763588, 0.03415040671825409, 0.03501506894826889, 0.03206769749522209, 0.032460734248161316, 0.03191400691866875, 0.028374549001455307, 0.026218457147479057, 0.02713915705680847, 0.027661817148327827, 0.02367457188665867, 0.026750881224870682, 0.024927126243710518, 0.024200189858675003, 0.022838622331619263, 0.022964930161833763, 0.022533949464559555, 0.02382042445242405, 0.02025494910776615, 0.02032003551721573, 0.021840594708919525, 0.02095123566687107, 0.021184874698519707, 0.02112882398068905, 0.018199147656559944, 0.018140479922294617, 0.019172756001353264, 0.019946414977312088, 0.02123500593006611, 0.016772206872701645, 0.018724054098129272, 0.01720431260764599, 0.01888699270784855, 0.016740819439291954, 0.014956693165004253, 0.016641121357679367, 0.0164068341255188, 0.016138935461640358, 0.017430460080504417, 0.019072609022259712, 0.016855590045452118, 0.016293035820126534, 0.0158392284065485, 0.014656906016170979, 0.01663185842335224, 0.016462014988064766, 0.014818473719060421, 0.014205290004611015, 0.016483478248119354, 0.01867866888642311, 0.016401464119553566, 0.015271922573447227, 0.013618637807667255, 0.015529640018939972, 0.017965447157621384, 0.01832716539502144], 'accuracy': [0.7229111194610596, 0.8869333267211914, 0.9167555570602417, 0.9288333058357239, 0.9366777539253235, 0.9424999952316284, 0.9479222297668457, 0.952477753162384, 0.9566888809204102, 0.9593999981880188, 0.9623000025749207, 0.9650333523750305, 0.9691444635391235, 0.9712777733802795, 0.9729333519935608, 0.9760110974311829, 0.9776444435119629, 0.9791222214698792, 0.9813110828399658, 0.9825778007507324, 0.9829000234603882, 0.9845222234725952, 0.9856666922569275, 0.9865444302558899, 0.9880333542823792, 0.9877333045005798, 0.9887555837631226, 0.9890666604042053, 0.9894999861717224, 0.9901333451271057, 0.9910888671875, 0.991266667842865, 0.990922212600708, 0.9918444156646729, 0.9911444187164307, 0.9923999905586243, 0.9919777512550354, 0.9929666519165039, 0.9930555820465088, 0.9929555654525757, 0.9926777482032776, 0.9936333298683167, 0.9939444661140442, 0.9935333132743835, 0.9936666488647461, 0.9936888813972473, 0.9938889145851135, 0.9944888949394226, 0.9942666888237, 0.9938777685165405, 0.9940333366394043, 0.9944777488708496, 0.9950222373008728, 0.9943666458129883, 0.9948777556419373, 0.9946555495262146, 0.9950000047683716, 0.9956555366516113, 0.9951888918876648, 0.9953888654708862, 0.9955888986587524, 0.9954000115394592, 0.9944666624069214, 0.9953110814094543, 0.9949555397033691, 0.9958444237709045, 0.9957333207130432, 0.9956555366516113, 0.9954110980033875, 0.9957444667816162, 0.9959777593612671, 0.9959555268287659, 0.9957333207130432, 0.9957888722419739, 0.9959333539009094, 0.9961555600166321, 0.9958666563034058, 0.9955333471298218, 0.9956333041191101], 'val_loss': [], 'val_accuracy': [], 'f1_score': [0.6948259318406704, 0.8030788792259556, 0.8247621854934557, 0.759023063236992, 0.8453989014940606, 0.8514680580077655, 0.7999229438523348, 0.8217084109001216, 0.8504689480646196, 0.8196461492915117, 0.85587995557104, 0.8629990644136675, 0.849749626405052, 0.8587484788739562, 0.8177910222348191, 0.7420571281447937, 0.8238511010825833, 0.8211256867180642, 0.8502224251318995, 0.8396307540586178, 0.8635236635055981, 0.865338922855692, 0.8604325151951464, 0.8198118376971679, 0.8164272822512233, 0.8134820121886633, 0.8352613612331562, 0.8183868692312661, 0.8294140613330284, 0.8381130643873691, 0.8163428491061652, 0.833071960089842, 0.8385779324329597, 0.8542285645685834, 0.8104124375107508, 0.8141228090117407, 0.8540618110697678, 0.819671332660663, 0.867617637912162, 0.8366310798026088, 0.8222673946622132, 0.8257976360632807, 0.8316967319641981, 0.835987137588218, 0.829437721820822, 0.8019634989300558, 0.8175357775437846, 0.8403936103552367, 0.808348859622066, 0.8422746457195209, 0.8444251559681867, 0.8039029299855431, 0.818826161472709, 0.8223258979503183, 0.8286954330850641, 0.7978149901540266, 0.8202939909101944, 0.7940936951031053, 0.8539408191630363, 0.8269247324361956, 0.8319680545933267, 0.7896917798357781, 0.8345963975540283, 0.8557156917622398, 0.8369478627499335, 0.8023860067550753, 0.8103384247030221, 0.8368282012533819, 0.8420196922696255, 0.828359319104531, 0.8124083482939848, 0.8296344758402284, 0.7753946206282418, 0.8144254735926283, 0.8114588771506295, 0.8247709380558564, 0.8526212552145631, 0.820292691048031, 0.8323919666845762]}
