0.8753713144127714
              precision    recall  f1-score   support

           0       0.91      0.94      0.92       290
           1       0.88      0.88      0.88        40
           2       0.86      0.85      0.86       386
           3       0.97      0.98      0.98       718
           4       0.75      0.81      0.78       254
           5       0.81      0.95      0.88        60
           6       0.66      0.76      0.70        82
           7       1.00      0.82      0.90        11
           8       0.99      0.99      0.99     10699

    accuracy                           0.98     12540
   macro avg       0.87      0.89      0.88     12540
weighted avg       0.98      0.98      0.98     12540

[[  272     1     1     0     3     0     0     0    13]
 [    1    35     0     1     2     1     0     0     0]
 [    0     0   330     7    14     3     4     0    28]
 [    0     1     5   706     0     0     1     0     5]
 [   11     3     6     0   205     1     8     0    20]
 [    1     0     0     0     1    57     0     0     1]
 [    0     0     0     0     5     0    62     0    15]
 [    0     0     1     0     0     1     0     9     0]
 [   14     0    41    14    45     7    19     0 10559]]
{'loss': [0.7016332745552063, 0.3113097846508026, 0.22859324514865875, 0.19568942487239838, 0.17487181723117828, 0.158094123005867, 0.1466354876756668, 0.1361173540353775, 0.12834841012954712, 0.12137193232774734, 0.1162833645939827, 0.11124692112207413, 0.10406675189733505, 0.10222911089658737, 0.09611260890960693, 0.09349851310253143, 0.08897022157907486, 0.08707601577043533, 0.08258920162916183, 0.08100638538599014, 0.07785693556070328, 0.07790836691856384, 0.07191193848848343, 0.07190532982349396, 0.07088446617126465, 0.06625548750162125, 0.06638246774673462, 0.06203673407435417, 0.06049339100718498, 0.0604335218667984, 0.05622738599777222, 0.05625429004430771, 0.05427398532629013, 0.05340232327580452, 0.05193950608372688, 0.052215054631233215, 0.04955759644508362, 0.04918342083692551, 0.04835636913776398, 0.04631023854017258, 0.04663161188364029, 0.04497819393873215, 0.04508994519710541, 0.04303840547800064, 0.0431387834250927, 0.03929790109395981, 0.04091344401240349, 0.03894791752099991, 0.03866927698254585, 0.03842213377356529, 0.03700556233525276, 0.03664395958185196, 0.03656015545129776], 'accuracy': [0.7349777817726135, 0.8886777758598328, 0.9187111258506775, 0.9307222366333008, 0.9370777606964111, 0.9430444240570068, 0.9468666911125183, 0.9506111145019531, 0.9531888961791992, 0.9560222029685974, 0.957277774810791, 0.959244430065155, 0.9614444375038147, 0.9623333215713501, 0.9646444320678711, 0.965499997138977, 0.9669222235679626, 0.9677444696426392, 0.9688777923583984, 0.9690777659416199, 0.9710888862609863, 0.9707333445549011, 0.9733666777610779, 0.9730222225189209, 0.9732333421707153, 0.9756888747215271, 0.9748111367225647, 0.9769889116287231, 0.9775999784469604, 0.9771000146865845, 0.9788888692855835, 0.9796110987663269, 0.9797555804252625, 0.9800999760627747, 0.9813110828399658, 0.9806444644927979, 0.9815444350242615, 0.9818778038024902, 0.9818999767303467, 0.9830333590507507, 0.9822555780410767, 0.9836999773979187, 0.9839110970497131, 0.9842333197593689, 0.9843778014183044, 0.9853555560112, 0.9853666424751282, 0.9860666394233704, 0.9862444400787354, 0.9864555597305298, 0.9869555830955505, 0.9870777726173401, 0.9868333339691162], 'val_loss': [], 'val_accuracy': [], 'f1_score': [0.7014714675122691, 0.7333711736188491, 0.7845056386275251, 0.7765692067334048, 0.8213558510434904, 0.8178628379466377, 0.837930763073178, 0.8630106206008165, 0.8514170040018486, 0.761157043613776, 0.8676178839737516, 0.86042849242355, 0.8010070805223963, 0.8304080324229923, 0.8331532167405915, 0.8176743045456926, 0.8745645392719986, 0.8478970347931095, 0.8490745051753097, 0.8398833841455855, 0.863054733795736, 0.8116407687249116, 0.8638432437623709, 0.8445482874035636, 0.8531719780559551, 0.8648738802490481, 0.8753713144127714, 0.8479917095856023, 0.8395714703909068, 0.8593947571842475, 0.8406258765254259, 0.8424265852513442, 0.8410696741200421, 0.8562791953084711, 0.8543009263342903, 0.8448325023899312, 0.8436051660971029, 0.8025633922674388, 0.8606269419210597, 0.8432014592191261, 0.8320485270688422, 0.8417547001062836, 0.8586171478987605, 0.833175601602776, 0.8706192400577853, 0.8614488364062344, 0.8643128660184908, 0.8515949516080684, 0.8588430206147177, 0.8483860264167632, 0.8278336468823231, 0.870788184751657, 0.8576497661973138]}
