0.889419446181652
              precision    recall  f1-score   support

           0       0.94      0.91      0.92       290
           1       0.75      0.82      0.79        40
           2       0.87      0.85      0.86       386
           3       1.00      0.97      0.98       718
           4       0.82      0.74      0.78       254
           5       0.95      0.92      0.93        60
           6       0.87      0.66      0.75        82
           7       1.00      1.00      1.00        11
           8       0.99      0.99      0.99     10699

    accuracy                           0.98     12540
   macro avg       0.91      0.87      0.89     12540
weighted avg       0.98      0.98      0.98     12540

[[  264     2     0     0     4     2     0     0    18]
 [    1    33     0     0     2     1     1     0     2]
 [    0     0   330     2     6     0     0     0    48]
 [    0     1     8   696     0     0     0     0    13]
 [   11     6    12     0   187     0     2     0    36]
 [    0     1     0     0     2    55     0     0     2]
 [    0     0     0     0     7     0    54     0    21]
 [    0     0     0     0     0     0     0    11     0]
 [    5     1    30     1    19     0     5     0 10638]]
{'loss': [0.34723222255706787, 0.21339169144630432, 0.1853671818971634, 0.16523219645023346, 0.1523660123348236, 0.14008751511573792, 0.13069817423820496, 0.12248515337705612, 0.11626193672418594, 0.10960724949836731, 0.1048678606748581, 0.09954535961151123, 0.09614257514476776, 0.0935237854719162, 0.08968865126371384, 0.08638642728328705, 0.08358760178089142, 0.07958408445119858, 0.076998770236969, 0.07370410114526749, 0.07120122015476227, 0.06935467571020126, 0.06635947525501251, 0.0651361346244812, 0.06359945982694626, 0.06227470189332962, 0.060584839433431625, 0.05853506177663803, 0.05748335272073746, 0.057320255786180496, 0.054798200726509094, 0.053747642785310745, 0.05290299281477928, 0.05176086351275444, 0.04987151175737381, 0.048959046602249146, 0.0480472669005394, 0.04715632274746895, 0.04516148567199707, 0.045482367277145386, 0.04377276822924614, 0.04265405610203743, 0.04167614132165909, 0.04045918956398964, 0.03949004411697388, 0.03911407291889191, 0.037142299115657806, 0.03594756871461868, 0.03638073056936264, 0.03384896740317345, 0.033228591084480286, 0.03196074068546295, 0.03141675144433975, 0.030599018558859825, 0.029215559363365173, 0.028212279081344604, 0.027234753593802452, 0.02654341049492359, 0.02561306394636631, 0.024660833179950714, 0.023546043783426285, 0.022196203470230103, 0.021266521885991096, 0.02122359164059162, 0.020536882802844048, 0.019255219027400017, 0.01827269420027733, 0.017474886029958725, 0.01706802099943161, 0.015872297808527946, 0.0160894226282835, 0.014776165597140789, 0.01435543317347765, 0.013364582322537899, 0.013061919249594212, 0.01279466226696968, 0.011514817364513874, 0.011681659147143364, 0.011130180209875107, 0.010968118906021118, 0.010043826885521412, 0.009956658817827702, 0.00953005999326706, 0.009641999378800392], 'accuracy': [0.9108501076698303, 0.9380465745925903, 0.9444938898086548, 0.9492136836051941, 0.952330470085144, 0.9559103846549988, 0.95897376537323, 0.9610397815704346, 0.9633462429046631, 0.9647532105445862, 0.9658663868904114, 0.967469334602356, 0.9681461453437805, 0.9687605500221252, 0.9699805974960327, 0.9714677333831787, 0.9722870588302612, 0.9733289480209351, 0.9740502834320068, 0.974816083908081, 0.9758580327033997, 0.9760271906852722, 0.9771047234535217, 0.9780130982398987, 0.978075385093689, 0.9782446026802063, 0.9791707396507263, 0.9796159863471985, 0.9796783328056335, 0.9799633026123047, 0.9808716177940369, 0.9810497164726257, 0.9811655282974243, 0.9817888736724854, 0.9822519421577454, 0.9825992584228516, 0.9828218817710876, 0.982848584651947, 0.9839439392089844, 0.983774721622467, 0.9841309189796448, 0.9844871759414673, 0.985083818435669, 0.9851194024085999, 0.9861078858375549, 0.9857516884803772, 0.9865709543228149, 0.987194299697876, 0.9867757558822632, 0.9876306653022766, 0.9878444075584412, 0.9884321689605713, 0.9883520007133484, 0.9884143471717834, 0.9893316030502319, 0.9895809292793274, 0.9900885224342346, 0.9899460077285767, 0.9904981851577759, 0.9910770058631897, 0.9910680651664734, 0.9920565485954285, 0.9922257661819458, 0.9922257661819458, 0.9924840331077576, 0.9929826855659485, 0.9933834671974182, 0.9938375949859619, 0.993962287902832, 0.9942383170127869, 0.9941315054893494, 0.9945767521858215, 0.9949507713317871, 0.9951377511024475, 0.9953069686889648, 0.9953514933586121, 0.9956988096237183, 0.9958323836326599, 0.9959481358528137, 0.9960460662841797, 0.9963132739067078, 0.996518075466156, 0.9966338276863098, 0.9965447783470154], 'val_loss': [], 'val_accuracy': [], 'f1_score': [0.44726554205635655, 0.5633996634583259, 0.5377091936503029, 0.60820601499185, 0.6632849809374772, 0.6745904904538813, 0.6519836885474598, 0.7229326272044221, 0.7256032877568762, 0.7347161374997428, 0.7326791825426233, 0.7058120069021507, 0.741989507320745, 0.7680891099332641, 0.7706535408692965, 0.7915187735709472, 0.8095903424822457, 0.818003267324821, 0.8022380147026806, 0.8032795123903278, 0.8455081173734911, 0.8715445011124467, 0.8422697098189228, 0.850010821967405, 0.8612500948553969, 0.8668149005848448, 0.8559979604426666, 0.8548262314831967, 0.8760555989972642, 0.8526579267668424, 0.8614330806273137, 0.8641377285315461, 0.8687655376334724, 0.8679959709364282, 0.8391085972270974, 0.8497659711158883, 0.8858328049644668, 0.8782410797359506, 0.8719558048046556, 0.8773807664405027, 0.8820814082317443, 0.8654168645387249, 0.8668314470888961, 0.8683225740178186, 0.8753679450102368, 0.877443965342885, 0.8750623701037848, 0.8628541895371808, 0.8805963450564351, 0.8752982506292317, 0.8854204240957751, 0.883444332817695, 0.889419446181652, 0.8880170006827757, 0.8785123549874856, 0.8703483267126585, 0.8820136721876667, 0.8742874029861915, 0.8843833859935698, 0.8768386368180537, 0.878137849592177, 0.8691839481599525, 0.8765393358441721, 0.8716321930210782, 0.883252783230144, 0.8814333796930521, 0.8790501516558207, 0.8648616790698425, 0.8782489177794334, 0.8767074832431092, 0.8789820968703315, 0.8503671023789043, 0.8866402719222433, 0.8771118153942449, 0.8593996851710666, 0.8779076347555983, 0.8654810093828246, 0.8757258150000682, 0.8775410822286878, 0.8534918756981204, 0.86425885510786, 0.8730419876573143, 0.8639746127614853, 0.8770893874904382]}
