0.8820017067752157
              precision    recall  f1-score   support

           0       0.90      0.94      0.92       290
           1       0.76      0.85      0.80        40
           2       0.89      0.80      0.84       386
           3       0.98      0.98      0.98       718
           4       0.78      0.76      0.77       254
           5       0.98      0.90      0.94        60
           6       0.74      0.67      0.71        82
           7       1.00      1.00      1.00        11
           8       0.99      0.99      0.99     10699

    accuracy                           0.98     12540
   macro avg       0.89      0.88      0.88     12540
weighted avg       0.98      0.98      0.98     12540

[[  273     0     1     0     1     0     0     0    15]
 [    2    34     0     0     4     0     0     0     0]
 [    0     0   308     6    11     1     0     0    60]
 [    0     0     5   702     0     0     0     0    11]
 [   11     8    10     0   192     0     6     0    27]
 [    2     1     1     0     1    54     0     0     1]
 [    0     1     0     0     5     0    55     0    21]
 [    0     0     0     0     0     0     0    11     0]
 [   16     1    22     9    33     0    13     0 10605]]
{'loss': [0.27296239137649536, 0.14228929579257965, 0.11649569869041443, 0.10307036340236664, 0.09513206779956818, 0.08792752772569656, 0.08246280252933502, 0.0750967264175415, 0.06894391030073166, 0.06263681501150131, 0.057726915925741196, 0.054541390389204025, 0.05067701265215874, 0.047702938318252563, 0.043703727424144745, 0.040485356003046036, 0.03684282675385475, 0.0328216589987278, 0.029520809650421143, 0.025558706372976303, 0.022938326001167297, 0.0195627361536026, 0.01696680299937725, 0.0161637831479311, 0.013389860279858112, 0.012477252632379532, 0.010436794720590115, 0.01022869162261486, 0.008727896958589554, 0.008569500409066677, 0.008397196419537067, 0.00797476526349783, 0.007639105431735516, 0.007036695722490549, 0.006449456792324781, 0.0072768996469676495, 0.006006154231727123, 0.005708031356334686, 0.005897746421396732, 0.0055101304315030575, 0.0059008244425058365, 0.004383476916700602, 0.004986853338778019, 0.004813933279365301, 0.0048920209519565105], 'accuracy': [0.9295688271522522, 0.9577537775039673, 0.9644148349761963, 0.9675583839416504, 0.9692770838737488, 0.9709067344665527, 0.9719219207763672, 0.9746112823486328, 0.9766060709953308, 0.9785117506980896, 0.9797317981719971, 0.9806756973266602, 0.982225239276886, 0.9835699200630188, 0.9842199683189392, 0.9856002926826477, 0.9866689443588257, 0.9882807731628418, 0.9895097017288208, 0.9908543825149536, 0.9919319152832031, 0.9927244782447815, 0.9940423965454102, 0.994265079498291, 0.9954405426979065, 0.9956364631652832, 0.9966605305671692, 0.9963488578796387, 0.9969989657402039, 0.997283935546875, 0.9972215890884399, 0.9972215890884399, 0.9974353313446045, 0.9977024793624878, 0.9977024793624878, 0.9976579546928406, 0.9979429244995117, 0.9980408549308777, 0.9980497360229492, 0.9981655478477478, 0.9979874491691589, 0.9986998438835144, 0.9984772205352783, 0.9986286163330078, 0.9983258247375488], 'val_loss': [], 'val_accuracy': [], 'f1_score': [0.6193915779973413, 0.6688010101338944, 0.7462235984118433, 0.7752376511304073, 0.7511252955062212, 0.7563105911225908, 0.7687068851744854, 0.8033967712858193, 0.8582801783535523, 0.872173695631388, 0.8184249110992163, 0.8557437722476157, 0.8432541821016313, 0.8683769963343371, 0.8688248236332972, 0.857755672589687, 0.8704818505047321, 0.877081594063035, 0.8820017067752157, 0.8391450043950694, 0.8456527540977312, 0.8640678620858309, 0.862611550420195, 0.869841116573666, 0.8606252581730673, 0.8577959128852993, 0.8662389435710081, 0.8657146747549743, 0.8615228674343254, 0.8753974246755755, 0.8695011828934512, 0.8547495135396183, 0.8794493203121828, 0.874359333826482, 0.8662533257748621, 0.8584261105489024, 0.8704688553681251, 0.8585213852108746, 0.8332962452488933, 0.866532983035598, 0.8518218455931899, 0.8619212246322949, 0.8593440437406342, 0.8624812204264103, 0.863652128837758]}
