0.8718668224811741
              precision    recall  f1-score   support

           0       0.88      0.96      0.91       290
           1       0.86      0.90      0.88        40
           2       0.70      0.89      0.78       386
           3       0.95      0.98      0.97       718
           4       0.65      0.82      0.72       254
           5       0.87      0.97      0.91        60
           6       0.56      0.87      0.68        82
           7       1.00      1.00      1.00        11
           8       0.99      0.97      0.98     10699

    accuracy                           0.96     12540
   macro avg       0.83      0.93      0.87     12540
weighted avg       0.97      0.96      0.97     12540

[[  277     1     0     0     2     0     0     0    10]
 [    0    36     1     1     2     0     0     0     0]
 [    0     0   344     9    14     1     3     0    15]
 [    0     1     6   707     0     0     0     0     4]
 [    9     3     8     0   209     1     8     0    16]
 [    1     0     0     0     1    58     0     0     0]
 [    0     0     0     0     2     0    71     0     9]
 [    0     0     0     0     0     0     0    11     0]
 [   29     1   132    26    93     7    44     0 10367]]
{'loss': [0.7118298411369324, 0.3002975583076477, 0.2221904695034027, 0.18585310876369476, 0.1679862141609192, 0.15258683264255524, 0.14367853105068207, 0.1327597051858902, 0.12535052001476288, 0.1169552430510521, 0.11371460556983948, 0.10714320838451385, 0.10191646963357925, 0.09581564366817474, 0.09302494674921036, 0.08798074722290039, 0.08427898585796356, 0.08068346977233887, 0.07884049415588379, 0.0750369280576706, 0.07328694313764572, 0.06995603442192078, 0.0679626315832138, 0.06504844129085541, 0.06284728646278381, 0.06209176033735275], 'accuracy': [0.7287222146987915, 0.8972777724266052, 0.9252111315727234, 0.9364222288131714, 0.941944420337677, 0.9469555616378784, 0.9498111009597778, 0.9528444409370422, 0.9555777907371521, 0.9579444527626038, 0.9587555527687073, 0.9607444405555725, 0.9628221988677979, 0.9656999707221985, 0.9665444493293762, 0.9682222008705139, 0.9690333604812622, 0.9706555604934692, 0.9711222052574158, 0.9723888635635376, 0.9725777506828308, 0.9741666913032532, 0.9748555421829224, 0.9761444330215454, 0.9775111079216003, 0.9776666760444641], 'val_loss': [], 'val_accuracy': [], 'f1_score': [0.6874834411937873, 0.8122943394144908, 0.7415752634927361, 0.8123788991879377, 0.7900148306082978, 0.7830461691370255, 0.8341757955474304, 0.843923853788455, 0.8134907512938206, 0.7724744404460975, 0.8383803520852409, 0.8344146556305853, 0.8524275604808323, 0.8319801018488566, 0.8718668224811741, 0.8099074938051007, 0.8429239767713946, 0.8534704290564845, 0.8342656831100443, 0.8145024337391984, 0.8484183856645005, 0.8488822808544566, 0.8657308372222255, 0.815284099434582, 0.8352207564522884, 0.848386193810981]}
