0.8925658860664257
              precision    recall  f1-score   support

           0       0.94      0.89      0.92       290
           1       0.87      0.85      0.86        40
           2       0.94      0.80      0.86       386
           3       0.98      0.98      0.98       718
           4       0.89      0.74      0.81       254
           5       1.00      0.90      0.95        60
           6       0.72      0.62      0.67        82
           7       1.00      1.00      1.00        11
           8       0.98      1.00      0.99     10699

    accuracy                           0.98     12540
   macro avg       0.93      0.86      0.89     12540
weighted avg       0.98      0.98      0.98     12540

[[  259     0     0     0     0     0     0     0    31]
 [    1    34     0     0     3     0     1     0     1]
 [    0     0   308     8     7     0     1     0    62]
 [    0     1     2   705     0     0     0     0    10]
 [   14     3     7     0   187     0     6     0    37]
 [    2     1     1     0     1    54     0     0     1]
 [    0     0     0     0     3     0    51     0    28]
 [    0     0     0     0     0     0     0    11     0]
 [    0     0    11     3     8     0    12     0 10665]]
{'loss': [0.2690560817718506, 0.14893582463264465, 0.1230621337890625, 0.10896209627389908, 0.09733892232179642, 0.0885658860206604, 0.08234728872776031, 0.07791655510663986, 0.07505205273628235, 0.07209742069244385, 0.06895137578248978, 0.06776412576436996, 0.06623516976833344, 0.06408748030662537, 0.06294111162424088, 0.061130981892347336, 0.05951888486742973, 0.05908510088920593, 0.05793789029121399, 0.05693212151527405, 0.056131962686777115, 0.05544039607048035, 0.05498731881380081, 0.05364619195461273, 0.0529986210167408, 0.05196136236190796, 0.0524984672665596, 0.05194620043039322, 0.05069955065846443, 0.04987430199980736, 0.04972425103187561, 0.04888115078210831, 0.04890875518321991, 0.04809333011507988, 0.04777313023805618, 0.046577006578445435, 0.04696732014417648, 0.046219877898693085, 0.046209290623664856, 0.045886993408203125, 0.04458412900567055, 0.044277217239141464, 0.04372763633728027, 0.04318689554929733, 0.04311126098036766, 0.042235419154167175, 0.04248883202672005, 0.04081875458359718, 0.041735269129276276, 0.04183991625905037, 0.040561091154813766, 0.04038003832101822, 0.04157174378633499, 0.03950006514787674, 0.038633737713098526, 0.03941373527050018, 0.039283204823732376, 0.03782255947589874, 0.03718116879463196, 0.03689650073647499, 0.03735295310616493, 0.03811454772949219, 0.0375596359372139, 0.03663422167301178, 0.03572322428226471, 0.03878854960203171, 0.03496153652667999], 'accuracy': [0.926140308380127, 0.9538176655769348, 0.9610219597816467, 0.9646552801132202, 0.9680748581886292, 0.9706929922103882, 0.9726877808570862, 0.9735515713691711, 0.9743441343307495, 0.9754305481910706, 0.9760984778404236, 0.9764902591705322, 0.9771670699119568, 0.9778527617454529, 0.9782980680465698, 0.9781555533409119, 0.9789748191833496, 0.9789481163024902, 0.9797585010528564, 0.9799098968505859, 0.9799633026123047, 0.9805599451065063, 0.9808182120323181, 0.9804530739784241, 0.9809250831604004, 0.9811031818389893, 0.9806668162345886, 0.9812634587287903, 0.9818690419197083, 0.9821985363960266, 0.9816820025444031, 0.9823499321937561, 0.9824745655059814, 0.9826170802116394, 0.982545793056488, 0.9831780791282654, 0.9826793670654297, 0.9835075736045837, 0.9832849502563477, 0.9834363460540771, 0.9838103652000427, 0.9838815927505493, 0.984077513217926, 0.9839528203010559, 0.9837034940719604, 0.9842110872268677, 0.9842644929885864, 0.9846474528312683, 0.9846741557121277, 0.9847365021705627, 0.9847275614738464, 0.9849502444267273, 0.9850303530693054, 0.9855112433433533, 0.9856715202331543, 0.9854400157928467, 0.9853242635726929, 0.9857249855995178, 0.986072301864624, 0.9863038063049316, 0.98617023229599, 0.9860990047454834, 0.9860900640487671, 0.9865175485610962, 0.9865620732307434, 0.9865175485610962, 0.9869093894958496], 'val_loss': [], 'val_accuracy': [], 'f1_score': [0.43460431935238947, 0.6955157026395163, 0.6810460043509908, 0.7506422980417115, 0.8007113327929541, 0.8259792281911931, 0.8293363216369602, 0.8506670117161709, 0.8111561221829062, 0.8529444523492405, 0.8326156743203784, 0.8240472379696752, 0.8205486487193232, 0.8205972983395609, 0.852954103019086, 0.8627418857132275, 0.8575816611115297, 0.8550584742547966, 0.8876480456834942, 0.8628999345515996, 0.8858101245105914, 0.8636636641976809, 0.8690933582768973, 0.872343161688212, 0.8660980531634155, 0.8670212890978762, 0.8739893169864098, 0.8729745640767375, 0.8410230935491912, 0.8665682793639768, 0.8790295231724566, 0.8752992402542289, 0.8680220455981543, 0.854815142080738, 0.889110678766975, 0.8850735110140141, 0.8925658860664257, 0.8891134827032943, 0.8701299910671632, 0.8677807126418772, 0.8617955439321224, 0.8719912681437462, 0.8807846088134239, 0.8847865996968756, 0.8707889978514844, 0.8674035390219252, 0.8785155146057543, 0.8730591023881122, 0.8879542005397378, 0.8752301380913381, 0.8745564540790238, 0.8705966329150613, 0.8782696037058216, 0.8850576158220234, 0.8626786628647437, 0.873921964647867, 0.8698880154993318, 0.8713595421628677, 0.8489160967960147, 0.8624555390448487, 0.8899980363756479, 0.8890583854780457, 0.8821448395764401, 0.8804519566258635, 0.8771180956093015, 0.8828233908114986, 0.8871311416614621]}
