0.8558503709553351
              precision    recall  f1-score   support

           0       0.95      0.90      0.93       290
           1       0.85      0.88      0.86        40
           2       0.83      0.76      0.80       386
           3       0.99      0.96      0.97       718
           4       0.78      0.72      0.75       254
           5       0.86      0.92      0.89        60
           6       0.74      0.45      0.56        82
           7       0.92      1.00      0.96        11
           8       0.98      0.99      0.99     10699

    accuracy                           0.97     12540
   macro avg       0.88      0.84      0.86     12540
weighted avg       0.97      0.97      0.97     12540

[[  262     0     0     0     2     2     0     0    24]
 [    0    35     0     0     3     1     0     0     1]
 [    0     0   295     5    21     3     0     0    62]
 [    0     0    12   691     0     0     0     0    15]
 [    7     4    16     0   183     2     3     1    38]
 [    0     0     3     0     1    55     0     0     1]
 [    0     1     0     0    10     0    37     0    34]
 [    0     0     0     0     0     0     0    11     0]
 [    7     1    28     5    15     1    10     0 10632]]
{'loss': [0.22896331548690796, 0.1343207061290741, 0.11433880031108856, 0.10165554285049438, 0.09260579198598862, 0.08598676323890686, 0.07979720830917358, 0.07437139004468918, 0.13966019451618195, 0.0794183760881424, 0.0664699599146843, 0.06899058818817139, 0.06549732387065887, 0.05721475929021835, 0.056989628821611404, 0.0771271362900734, 0.07645780593156815, 0.08124705404043198, 0.06973990052938461, 0.054015811532735825, 0.05431942269206047, 0.08296790719032288, 0.05066108703613281, 0.04928284510970116, 0.04671519622206688], 'accuracy': [0.939872145652771, 0.9603273272514343, 0.9642010927200317, 0.9677097797393799, 0.9709423184394836, 0.9724206328392029, 0.9751545190811157, 0.9761607646942139, 0.9731330275535583, 0.9745311141014099, 0.9784048795700073, 0.978538453578949, 0.9793132543563843, 0.9819936752319336, 0.9824567437171936, 0.9800968766212463, 0.9783069491386414, 0.9791618585586548, 0.9795358777046204, 0.9835610389709473, 0.9839795827865601, 0.981156587600708, 0.9849146008491516, 0.9854578375816345, 0.9861524105072021], 'val_loss': [], 'val_accuracy': [], 'f1_score': [0.5872532267826678, 0.5881420796103649, 0.7328627804434324, 0.7726073730156363, 0.7520684621262651, 0.8038860263669263, 0.8148651198516732, 0.8299091009441091, 0.7392058999482186, 0.7530755040201182, 0.8131549168087281, 0.8213502906807584, 0.8373806817480405, 0.8044623460698817, 0.7969144242582706, 0.8558503709553351, 0.8336511975030929, 0.778705524139689, 0.7167204709466422, 0.7625448736784713, 0.7851320850039604, 0.7996018306238238, 0.829435816903135, 0.813223202226723, 0.7716044084380678]}
