0.8476773018964628
              precision    recall  f1-score   support

           0       0.89      0.92      0.91       290
           1       0.74      0.88      0.80        40
           2       0.92      0.69      0.79       386
           3       0.97      0.98      0.98       718
           4       0.73      0.77      0.75       254
           5       0.68      0.97      0.80        60
           6       0.66      0.66      0.66        82
           7       0.92      1.00      0.96        11
           8       0.99      0.99      0.99     10699

    accuracy                           0.97     12540
   macro avg       0.83      0.87      0.85     12540
weighted avg       0.97      0.97      0.97     12540

[[  268     2     0     0     4     1     2     0    13]
 [    0    35     0     0     2     2     0     0     1]
 [    1     1   268    13    33     8     1     1    60]
 [    0     0     2   704     0     2     1     0     9]
 [   10     7     3     0   195     4     6     0    29]
 [    0     1     0     0     1    58     0     0     0]
 [    0     1     0     0     6     0    54     0    21]
 [    0     0     0     0     0     0     0    11     0]
 [   23     0    17     9    27    10    18     0 10595]]
{'loss': [0.21899455785751343, 0.1307331770658493, 0.10515596717596054, 0.0913773849606514, 0.08114352822303772, 0.07475937902927399, 0.06756065040826797, 0.06286513805389404, 0.058946188539266586, 0.05632469058036804, 0.052553288638591766, 0.046212270855903625, 0.04812708497047424, 0.04520239308476448, 0.04377545416355133, 0.04098675400018692, 0.04188793525099754, 0.04431673884391785, 0.041263267397880554, 0.044008828699588776, 0.03998544439673424, 0.04718857258558273, 0.04241100698709488, 0.040061209350824356, 0.06513150036334991, 0.03942333534359932, 0.046274662017822266, 0.04449012130498886, 0.04062894359230995, 0.043743982911109924, 0.042836494743824005, 0.0426170714199543, 0.0697890967130661, 0.04495339095592499, 0.04606025293469429], 'accuracy': [0.9403440952301025, 0.9597129225730896, 0.9664452075958252, 0.9702922701835632, 0.9734179973602295, 0.9757689833641052, 0.9774698615074158, 0.9791351556777954, 0.9807736873626709, 0.982385516166687, 0.9828664064407349, 0.9852797389030457, 0.984941303730011, 0.986330509185791, 0.9866778254508972, 0.9874525666236877, 0.9873279333114624, 0.9871497750282288, 0.9881115555763245, 0.9874169826507568, 0.9887171387672424, 0.9873813390731812, 0.9883787035942078, 0.9885122776031494, 0.9834808707237244, 0.9886814951896667, 0.9871230721473694, 0.9880492091178894, 0.9886903762817383, 0.9879156351089478, 0.9881382584571838, 0.9886726140975952, 0.9848522543907166, 0.9881026744842529, 0.9882095456123352], 'val_loss': [], 'val_accuracy': [], 'f1_score': [0.5868959439293473, 0.7239994414683277, 0.7620111907740866, 0.8436471270764656, 0.824685461080682, 0.8302930425804604, 0.7933863467682053, 0.8113704451955273, 0.8476773018964628, 0.7257128730148855, 0.8208998859771476, 0.8077401138474287, 0.8373871988459164, 0.8151406131334578, 0.7366042665632662, 0.7981274056455758, 0.808620906874779, 0.8210955520148396, 0.8140716509483971, 0.7929375838058397, 0.8184024835792347, 0.7719331772519389, 0.8321482929534075, 0.7934744073962485, 0.8301889460243993, 0.7842001418720934, 0.8253703387843973, 0.7981316659024734, 0.8020957849539921, 0.8141857035609934, 0.8087498297936538, 0.8283186454936655, 0.8234265170408911, 0.7566407357372126, 0.8386973484204383]}
