0.8662330567261919
              precision    recall  f1-score   support

           0       0.85      0.95      0.90       290
           1       0.83      0.88      0.85        40
           2       0.75      0.90      0.82       386
           3       0.98      0.99      0.98       718
           4       0.72      0.84      0.78       254
           5       0.87      0.97      0.91        60
           6       0.59      0.73      0.66        82
           7       0.91      0.91      0.91        11
           8       0.99      0.98      0.99     10699

    accuracy                           0.97     12540
   macro avg       0.83      0.90      0.87     12540
weighted avg       0.97      0.97      0.97     12540

[[  276     1     1     0     5     1     0     0     6]
 [    0    35     0     0     2     2     1     0     0]
 [    0     0   347     6    12     0     2     0    19]
 [    0     0     4   708     0     0     0     0     6]
 [   11     5     9     0   213     0     2     1    13]
 [    0     1     0     0     1    58     0     0     0]
 [    0     0     1     0     5     0    60     0    16]
 [    0     0     1     0     0     0     0    10     0]
 [   36     0    98     9    57     6    36     0 10457]]
{'loss': [0.9779475927352905, 0.5830377340316772, 0.47867605090141296, 0.41028815507888794, 0.3589906692504883, 0.3279937207698822, 0.29940494894981384, 0.273994117975235, 0.25210556387901306, 0.23306670784950256, 0.21668697893619537, 0.20224697887897491, 0.18878087401390076, 0.1792946457862854, 0.16894836723804474, 0.160546213388443, 0.15527814626693726, 0.14602358639240265, 0.1413756161928177, 0.13593976199626923, 0.12997935712337494, 0.12618164718151093, 0.12117516249418259, 0.11655329912900925, 0.11307912319898605, 0.10951068997383118, 0.10601042956113815, 0.10337136685848236, 0.09840556979179382, 0.09613101184368134, 0.09300140291452408, 0.08995992690324783, 0.0878504067659378, 0.08447224646806717, 0.08133421093225479, 0.07825325429439545, 0.07740864157676697, 0.07362241297960281, 0.07166130840778351, 0.07020586729049683, 0.06732403486967087, 0.06611781567335129, 0.06358545273542404, 0.0610622838139534, 0.059865694493055344, 0.05833585560321808, 0.05611172318458557, 0.054244790226221085, 0.05223913863301277, 0.049530740827322006, 0.04866820573806763, 0.048607416450977325, 0.045105576515197754, 0.04331905394792557, 0.043961040675640106, 0.040731675922870636, 0.04106486588716507, 0.03769185394048691, 0.03701987490057945, 0.036268606781959534, 0.035967662930488586, 0.0358685627579689, 0.03343561664223671, 0.03150198981165886, 0.03139011189341545, 0.02995196171104908, 0.029215361922979355, 0.028591331094503403, 0.03043273650109768, 0.025912633165717125, 0.025569770485162735, 0.026046253740787506, 0.024338392540812492, 0.0238176379352808, 0.02271825261414051, 0.023392561823129654, 0.021936537697911263, 0.020488370209932327, 0.02330959215760231, 0.02043175883591175, 0.02025914564728737, 0.019414741545915604, 0.018749963492155075, 0.017473679035902023, 0.018025316298007965, 0.017295440658926964, 0.01687721163034439, 0.016704276204109192, 0.016290126368403435], 'accuracy': [0.6296777725219727, 0.7874444723129272, 0.8256555795669556, 0.8494889140129089, 0.8677555322647095, 0.8790777921676636, 0.8901444673538208, 0.8999444246292114, 0.9074000120162964, 0.9138110876083374, 0.9206888675689697, 0.9264000058174133, 0.9305555820465088, 0.9330999851226807, 0.9374222159385681, 0.9402889013290405, 0.9427888989448547, 0.9466666579246521, 0.9472222328186035, 0.949400007724762, 0.9518333077430725, 0.9529777765274048, 0.9551666378974915, 0.9554888606071472, 0.9580110907554626, 0.9596111178398132, 0.9607999920845032, 0.9609444737434387, 0.9628999829292297, 0.9646888971328735, 0.9652666449546814, 0.9661111235618591, 0.9670888781547546, 0.9680222272872925, 0.9695444703102112, 0.970644474029541, 0.9709444642066956, 0.9728111028671265, 0.972611129283905, 0.9731888771057129, 0.9744666814804077, 0.9751333594322205, 0.9763666391372681, 0.9770333170890808, 0.9779222011566162, 0.9786111116409302, 0.9792110919952393, 0.9794222116470337, 0.9805333614349365, 0.9810222387313843, 0.9818888902664185, 0.9818000197410583, 0.9831222295761108, 0.983477771282196, 0.9838555455207825, 0.984677791595459, 0.9852111339569092, 0.986311137676239, 0.9862889051437378, 0.9865777492523193, 0.9867110848426819, 0.9868888854980469, 0.9877889156341553, 0.9883111119270325, 0.9885777831077576, 0.9890000224113464, 0.989122211933136, 0.9897000193595886, 0.9885666370391846, 0.9911999702453613, 0.9908555746078491, 0.9906888604164124, 0.9911555647850037, 0.9912111163139343, 0.9918444156646729, 0.9914666414260864, 0.9918555617332458, 0.9926999807357788, 0.9916777610778809, 0.9929777979850769, 0.9929888844490051, 0.9929111003875732, 0.9936000108718872, 0.9938666820526123, 0.9936333298683167, 0.9938444495201111, 0.9940222501754761, 0.9941889047622681, 0.9939444661140442], 'val_loss': [], 'val_accuracy': [], 'f1_score': [0.6641655463080747, 0.6899085637868507, 0.6643443876644857, 0.7508074617342313, 0.7122490893207187, 0.7808901152977432, 0.7716162094566025, 0.7602209252196167, 0.7788848401372362, 0.7766279317864074, 0.7743630863575199, 0.7803965730139484, 0.7829432616110215, 0.7777008195550524, 0.7822608202183273, 0.8151022999176629, 0.8183172661472937, 0.8145597888966557, 0.8100663862289799, 0.8462565408167394, 0.8008000819463073, 0.8395454314959349, 0.8286598098175172, 0.8384337633601366, 0.8131362252651032, 0.8319260204795423, 0.8338054405007461, 0.7985401232917112, 0.7961769941918806, 0.8239348721943963, 0.844598215247168, 0.8494639015913745, 0.8299748870335536, 0.8528441125247095, 0.7841844162564774, 0.8195431571035966, 0.8328320645986103, 0.8110292649514746, 0.833537449072611, 0.8441082695346275, 0.8384045926189646, 0.8507417509825117, 0.8425326393282268, 0.8630719509712264, 0.8152476281636319, 0.8193119805447929, 0.8084832729391134, 0.8565156183159635, 0.8443921133079287, 0.8662330567261919, 0.829877218071602, 0.8458759676913198, 0.8298110352077669, 0.8290376323631411, 0.8361183484195924, 0.8255902021919371, 0.8016223270337428, 0.8461578102546424, 0.8416556789060139, 0.8333018260098762, 0.8590503181210615, 0.8355930608116358, 0.7832757975140103, 0.8526306329099196, 0.8557639794762524, 0.8460806900908674, 0.8657939432732735, 0.8394964763854444, 0.8400169077277787, 0.8274588882658347, 0.8236534121416559, 0.8458730714102756, 0.8311670333019893, 0.7982155036639312, 0.8596119206507854, 0.8349396845017353, 0.8208184919259656, 0.8351673833237261, 0.8090276763284323, 0.8374665672561277, 0.8523556640615533, 0.8423185094357447, 0.8420737169556738, 0.8258043901181672, 0.8073178127922545, 0.8183469887509721, 0.7905777360892069, 0.8204016080000218, 0.8354105863559005]}
