0.8794503047257073
              precision    recall  f1-score   support

           0       0.83      0.94      0.88       290
           1       0.87      0.85      0.86        40
           2       0.79      0.88      0.83       386
           3       0.97      0.99      0.98       718
           4       0.73      0.79      0.76       254
           5       0.86      0.95      0.90        60
           6       0.64      0.79      0.71        82
           7       1.00      1.00      1.00        11
           8       0.99      0.98      0.99     10699

    accuracy                           0.97     12540
   macro avg       0.86      0.91      0.88     12540
weighted avg       0.97      0.97      0.97     12540

[[  272     1     0     0     4     0     0     0    13]
 [    2    34     0     0     2     1     1     0     0]
 [    0     0   338     9    17     1     0     0    21]
 [    0     0     4   708     0     0     0     0     6]
 [   16     3     9     0   201     0     4     0    21]
 [    1     1     0     0     1    57     0     0     0]
 [    0     0     0     0     3     0    65     0    14]
 [    0     0     0     0     0     0     0    11     0]
 [   35     0    78    12    46     7    31     0 10490]]
{'loss': [1.2010862827301025, 0.7366390824317932, 0.6161609888076782, 0.5447993278503418, 0.48561936616897583, 0.4436846673488617, 0.41008460521698, 0.381552517414093, 0.3549881875514984, 0.3334396183490753, 0.31313395500183105, 0.29894423484802246, 0.2803778350353241, 0.2679290175437927, 0.25549763441085815, 0.24610646069049835, 0.2341185361146927, 0.2227097600698471, 0.2165207415819168, 0.20870095491409302, 0.19954919815063477, 0.19356903433799744, 0.18686288595199585, 0.181142657995224, 0.176380917429924, 0.1714611053466797, 0.16599328815937042, 0.16271109879016876, 0.16062702238559723, 0.15546771883964539, 0.15190057456493378, 0.14808450639247894, 0.14362317323684692, 0.14178918302059174, 0.13905654847621918, 0.13525991141796112, 0.13329270482063293, 0.1300775110721588, 0.12757684290409088, 0.12396751344203949, 0.1233796551823616, 0.12193641811609268, 0.11675171554088593, 0.11515144258737564, 0.11554121971130371, 0.11323868483304977, 0.10977423191070557, 0.108393594622612, 0.10699106752872467, 0.10417977720499039, 0.10300953686237335, 0.1012084111571312, 0.09886986762285233, 0.09775318950414658, 0.09496475756168365, 0.09534237533807755, 0.09226576238870621, 0.09084231406450272, 0.08921893686056137, 0.08701935410499573, 0.08445125073194504, 0.0843597799539566, 0.08245553076267242, 0.08200797438621521, 0.08061226457357407, 0.07990755140781403, 0.07737318426370621, 0.07566703855991364, 0.0748336911201477, 0.07350598275661469, 0.07110816240310669, 0.07188247889280319, 0.06905718892812729, 0.07012485712766647, 0.06667732447385788, 0.06646968424320221, 0.0642499327659607, 0.06310053914785385, 0.06272314488887787, 0.060515835881233215, 0.06073799729347229, 0.05854243040084839, 0.05942337214946747, 0.05814849212765694, 0.05620048940181732, 0.05504102259874344], 'accuracy': [0.5387111306190491, 0.7325555682182312, 0.7770333290100098, 0.8032888770103455, 0.8239222168922424, 0.8386333584785461, 0.8519999980926514, 0.8618777990341187, 0.8729777932167053, 0.880477786064148, 0.8877111077308655, 0.8935777544975281, 0.899922251701355, 0.9045110940933228, 0.9085222482681274, 0.9125666618347168, 0.9169555306434631, 0.9206666946411133, 0.9233999848365784, 0.9255889058113098, 0.9287777543067932, 0.9304222464561462, 0.9324889183044434, 0.9354110956192017, 0.9361888766288757, 0.9389444589614868, 0.9409888982772827, 0.9416888952255249, 0.9416221976280212, 0.9438333511352539, 0.9454555511474609, 0.9472444653511047, 0.947422206401825, 0.948711097240448, 0.9501222372055054, 0.9506555795669556, 0.951533317565918, 0.9526110887527466, 0.9537666440010071, 0.9542999863624573, 0.954800009727478, 0.9550889134407043, 0.9571999907493591, 0.9575889110565186, 0.9577444195747375, 0.9583333134651184, 0.9596555829048157, 0.9605666399002075, 0.96061110496521, 0.9616444706916809, 0.9621999859809875, 0.9625555276870728, 0.9638333320617676, 0.9636111259460449, 0.964888870716095, 0.9651888608932495, 0.9663666486740112, 0.9669333100318909, 0.966533362865448, 0.9681000113487244, 0.969177782535553, 0.9693666696548462, 0.9696221947669983, 0.9701889157295227, 0.970288872718811, 0.9708333611488342, 0.9711333513259888, 0.9720222353935242, 0.9725221991539001, 0.9732555747032166, 0.9738444685935974, 0.9738555550575256, 0.9743333458900452, 0.9742444157600403, 0.9756444692611694, 0.9758889079093933, 0.9768111109733582, 0.9775999784469604, 0.9772666692733765, 0.9781777858734131, 0.9775888919830322, 0.9786888957023621, 0.9779777526855469, 0.9788888692855835, 0.9794222116470337, 0.9797888994216919], 'val_loss': [], 'val_accuracy': [], 'f1_score': [0.584997811958789, 0.6756490298659517, 0.6643070099005641, 0.704368722498284, 0.7091088411410813, 0.7100750949069616, 0.7636202384575639, 0.7244382976681234, 0.7564955785142874, 0.7532643576733046, 0.7727272025724722, 0.7635682578800274, 0.7742014359349568, 0.7647373495695174, 0.7893483817581322, 0.7720873754731371, 0.7872498821512713, 0.8057094005447867, 0.8077126019769013, 0.8105084029387537, 0.8195075991218045, 0.8371834628011796, 0.8191070583758178, 0.8336172126253749, 0.843911349958502, 0.8323230112060003, 0.7978389052885857, 0.8105984821228217, 0.7734985050762613, 0.8138909467352268, 0.8271034734463113, 0.8193407328614728, 0.8350930960240865, 0.8352865092921579, 0.8436046551347415, 0.8016798232457725, 0.8225226386667265, 0.8034648255527527, 0.8619744961416766, 0.8229795499311761, 0.810354518788604, 0.8358095541087744, 0.8311331601373154, 0.8406892358837479, 0.842954365275189, 0.8794503047257073, 0.8235437730670248, 0.8586563802974059, 0.8385414589233038, 0.8415878905049676, 0.8570416243546659, 0.8568915321733849, 0.8483452757549598, 0.8366665666390969, 0.8470109028852941, 0.8605988621989663, 0.8504517555404004, 0.866703751122313, 0.802419612796621, 0.8577929620637181, 0.8463199395038623, 0.8566852350322509, 0.8155921183204436, 0.7926697324017574, 0.858538133505191, 0.841669092382896, 0.8612652914621465, 0.8294737323999607, 0.8492097152253723, 0.8412468320664489, 0.8405514299845817, 0.8501702433311961, 0.8089085909988438, 0.8577128391020933, 0.8342877360457762, 0.8421289047411844, 0.8627900752321064, 0.8584909217928944, 0.8416387127377575, 0.8463962764418507, 0.8444691295323016, 0.8439488804573618, 0.8525583971136558, 0.8404424191438856, 0.8525154357110608, 0.8437319837474437]}
