0.875818899785765
              precision    recall  f1-score   support

           0       0.90      0.94      0.92       290
           1       0.84      0.90      0.87        40
           2       0.78      0.86      0.82       386
           3       0.97      0.99      0.98       718
           4       0.68      0.85      0.76       254
           5       0.82      0.98      0.89        60
           6       0.63      0.82      0.71        82
           7       1.00      0.91      0.95        11
           8       0.99      0.98      0.99     10699

    accuracy                           0.97     12540
   macro avg       0.85      0.91      0.88     12540
weighted avg       0.97      0.97      0.97     12540

[[  272     2     0     0     1     2     0     0    13]
 [    0    36     0     0     2     2     0     0     0]
 [    0     0   333     5    23     1     1     0    23]
 [    0     1     5   709     0     0     0     0     3]
 [    7     3     5     0   216     1     4     0    18]
 [    0     1     0     0     0    59     0     0     0]
 [    0     0     0     0     2     0    67     0    13]
 [    0     0     0     0     0     1     0    10     0]
 [   22     0    84    20    72     6    35     0 10460]]
{'loss': [0.49864456057548523, 0.2339373081922531, 0.193716362118721, 0.17194460332393646, 0.1626809984445572, 0.14811961352825165, 0.13995970785617828, 0.13141557574272156, 0.1261844038963318, 0.12127712368965149, 0.1162683516740799, 0.11502408981323242, 0.11366040259599686, 0.1050044596195221, 0.10325684398412704, 0.10180173814296722, 0.10221417248249054, 0.0996323749423027, 0.10497528314590454, 0.10667929798364639, 0.09492560476064682, 0.09076946973800659, 0.0939687043428421, 0.09075780212879181, 0.11867278814315796, 0.0916171744465828, 0.08584275096654892, 0.09298305213451385, 0.09212137758731842, 0.0916287899017334, 0.0889265388250351, 0.08849582076072693, 0.0980743020772934, 0.2188856303691864, 0.10726981610059738, 0.08820876479148865, 0.08528340607881546, 0.0867338478565216, 0.0847812220454216, 0.08529991656541824, 0.08288804441690445, 0.09388614445924759, 0.08473868668079376, 0.08292291313409805, 0.08418729156255722, 0.08059877157211304, 0.11961257457733154, 0.07432030141353607, 0.07866256684064865, 0.09516724199056625, 0.08793503791093826, 0.08192526549100876, 0.08491096645593643, 0.08115357160568237, 0.08137177675962448, 0.09250275790691376, 0.0806935578584671, 0.08225016295909882, 0.08208085596561432, 0.11168050020933151, 0.0777977779507637, 0.14633390307426453, 0.18684443831443787, 0.11021244525909424, 0.09687800705432892, 0.086354099214077, 0.08890698850154877, 0.0895969495177269, 0.09415586292743683, 21.004638671875, 0.08720165491104126, 0.07958909869194031, 0.10955028980970383, 0.07949027419090271, 0.08400190621614456, 0.10623212158679962, 0.10299873352050781, 0.09079959243535995, 0.32967057824134827, 0.09034295380115509, 0.08715885132551193, 0.08041758090257645, 0.09979445487260818, 0.08471745252609253, 1.2834999561309814, 0.09771088510751724, 0.0850708931684494, 0.10690192878246307, 0.09372957795858383, 0.12822291254997253, 0.09116441756486893], 'accuracy': [0.8188889026641846, 0.9215111136436462, 0.933733344078064, 0.9413222074508667, 0.9436222314834595, 0.9483888745307922, 0.9507666826248169, 0.9543111324310303, 0.9562666416168213, 0.9568777680397034, 0.9593555331230164, 0.9602555632591248, 0.959933340549469, 0.9634110927581787, 0.9643111228942871, 0.9639777541160583, 0.9645888805389404, 0.9652555584907532, 0.9637777805328369, 0.964555561542511, 0.9668889045715332, 0.9680555462837219, 0.9674999713897705, 0.9688666462898254, 0.9631999731063843, 0.9688555598258972, 0.9703888893127441, 0.9684555530548096, 0.9682777523994446, 0.9687777757644653, 0.9693333506584167, 0.9702555537223816, 0.9678221940994263, 0.9668889045715332, 0.9673333168029785, 0.970644474029541, 0.9707555770874023, 0.9703333377838135, 0.9717333316802979, 0.9710888862609863, 0.9720555543899536, 0.9700222015380859, 0.9716110825538635, 0.9723333120346069, 0.971822202205658, 0.9728778004646301, 0.9663777947425842, 0.9747777581214905, 0.9737555384635925, 0.9703222513198853, 0.9716222286224365, 0.9738444685935974, 0.9721555709838867, 0.9729777574539185, 0.973633348941803, 0.9715333580970764, 0.9738555550575256, 0.9723888635635376, 0.9729222059249878, 0.966866672039032, 0.9732778072357178, 0.9624888896942139, 0.965399980545044, 0.9642000198364258, 0.9682888984680176, 0.9722444415092468, 0.9714555740356445, 0.9715333580970764, 0.9701444506645203, 0.9690333604812622, 0.9728888869285583, 0.9751555323600769, 0.9708222150802612, 0.9753666520118713, 0.9743888974189758, 0.9675999879837036, 0.9673222303390503, 0.9721999764442444, 0.9677444696426392, 0.9722999930381775, 0.9732000231742859, 0.975088894367218, 0.9708666801452637, 0.9740889072418213, 0.9677000045776367, 0.9717333316802979, 0.9743555784225464, 0.9704777598381042, 0.9728111028671265, 0.967033326625824, 0.9728666543960571], 'val_loss': [], 'val_accuracy': [], 'f1_score': [0.8073937701543632, 0.7834870111363652, 0.8013765645070496, 0.8152896320294287, 0.7626043815535101, 0.8304650595101686, 0.8376792880461732, 0.8435626595945289, 0.8125296249760112, 0.8093576034632195, 0.7913410448298478, 0.8167447163456829, 0.8208943665731618, 0.8361960038373352, 0.8090780492867014, 0.8438365734320951, 0.8554195306716718, 0.831177154792722, 0.8475475649166812, 0.8241430454462869, 0.8243978138367937, 0.8465142896212373, 0.8565609912475266, 0.8412532365900813, 0.8512148191510818, 0.8625724076037812, 0.8465005273568926, 0.795044832710343, 0.8602005280690243, 0.8064332259786288, 0.8333379111455391, 0.8461239481092993, 0.8637332304713227, 0.8418103662522607, 0.8234585098445761, 0.8406091548808634, 0.8439414051552077, 0.8194778672089593, 0.8636701868278303, 0.8305601457579279, 0.7993798292808224, 0.840108695373302, 0.8665293534623202, 0.8601646076125253, 0.8266790559951309, 0.8251305543337794, 0.8375386242313607, 0.8678729151567102, 0.8703478167177043, 0.8706277033407832, 0.8457689269172949, 0.8521545484075709, 0.8518955241700094, 0.841029852259463, 0.8301640912253687, 0.7912622700417024, 0.805258549664629, 0.8235589285574229, 0.8360944762251905, 0.8020254012601292, 0.8488831994440744, 0.8485134721286319, 0.8341020182422116, 0.8462851596618504, 0.8397340211824863, 0.82441111708188, 0.8577911660001158, 0.8177270470695837, 0.875818899785765, 0.8535624756516526, 0.8641158047357065, 0.8483483378370454, 0.8664459530859392, 0.8598708306759953, 0.8463859703575681, 0.8500144009370418, 0.8182582430742953, 0.8357839558455683, 0.8440334657159997, 0.8581035673841085, 0.8226721437769078, 0.8550175712426176, 0.8515302972747094, 0.8344033231176016, 0.8255972646240626, 0.8428315737311475, 0.8225937839513862, 0.8305581405104991, 0.8424581150510915, 0.7861217449138804, 0.814077203882578]}
