0.8495476277705915
              precision    recall  f1-score   support

           0       0.86      0.95      0.90       290
           1       0.76      0.93      0.83        40
           2       0.78      0.81      0.79       386
           3       0.95      0.98      0.96       718
           4       0.75      0.75      0.75       254
           5       0.75      0.98      0.85        60
           6       0.60      0.63      0.62        82
           7       0.92      1.00      0.96        11
           8       0.99      0.98      0.98     10699

    accuracy                           0.97     12540
   macro avg       0.82      0.89      0.85     12540
weighted avg       0.97      0.97      0.97     12540

[[  275     1     0     0     0     0     0     0    14]
 [    0    37     0     0     2     1     0     0     0]
 [    0     0   314     7    15     3     1     0    46]
 [    0     1    12   702     0     1     0     0     2]
 [    6     8     9     0   190     2     8     1    30]
 [    0     1     0     0     0    59     0     0     0]
 [    0     1     0     0     5     0    52     0    24]
 [    0     0     0     0     0     0     0    11     0]
 [   39     0    70    30    43    13    25     0 10479]]
{'loss': [0.6796972751617432, 0.28376492857933044, 0.21984782814979553, 0.18318979442119598, 0.15507954359054565, 0.13599610328674316, 0.11860956996679306, 0.10695701837539673, 0.08852418512105942, 0.08577772974967957, 0.0923321321606636, 0.07180090248584747, 0.05859890580177307, 0.06753465533256531, 0.0554516427218914], 'accuracy': [0.7598333358764648, 0.9156444668769836, 0.9320777654647827, 0.9435222148895264, 0.9508444666862488, 0.9572666883468628, 0.9631444215774536, 0.966533362865448, 0.9721999764442444, 0.9744666814804077, 0.9755111336708069, 0.9785333275794983, 0.9831555485725403, 0.9801555275917053, 0.9837333559989929], 'val_loss': [], 'val_accuracy': [], 'f1_score': [0.7905169137446661, 0.8269497115802998, 0.8211143513633449, 0.8495476277705915, 0.8452014018195346, 0.7769063390777261, 0.8401916726592522, 0.8318491441348722, 0.831138772754634, 0.8190701445470704, 0.7651181986924309, 0.7976961124897259, 0.7364217698792302, 0.8287216756898018, 0.6948485132137262]}
