0.8684290790168256
              precision    recall  f1-score   support

           0       0.87      0.93      0.90       290
           1       0.90      0.88      0.89        40
           2       0.76      0.87      0.81       386
           3       0.98      0.98      0.98       718
           4       0.78      0.77      0.78       254
           5       0.81      0.92      0.86        60
           6       0.54      0.84      0.66        82
           7       0.92      1.00      0.96        11
           8       0.99      0.98      0.99     10699

    accuracy                           0.97     12540
   macro avg       0.84      0.91      0.87     12540
weighted avg       0.97      0.97      0.97     12540

[[  270     1     2     0     2     1     0     0    14]
 [    0    35     0     0     2     2     1     0     0]
 [    0     0   337     5    11     0     4     0    29]
 [    0     0     5   707     0     1     0     0     5]
 [    9     2    14     0   196     0     4     1    28]
 [    1     1     1     0     1    55     0     0     1]
 [    0     0     0     0     4     0    69     0     9]
 [    0     0     0     0     0     0     0    11     0]
 [   30     0    85    11    34     9    50     0 10480]]
{'loss': [1.0020813941955566, 0.5768086314201355, 0.47250160574913025, 0.40500789880752563, 0.3537715673446655, 0.3184838593006134, 0.2869001626968384, 0.2627714276313782, 0.24507544934749603, 0.22275607287883759, 0.20553801953792572, 0.19241847097873688, 0.179398313164711, 0.16847772896289825, 0.16182321310043335, 0.1521286517381668, 0.14500883221626282, 0.13943222165107727, 0.13218887150287628, 0.12756361067295074, 0.12125186622142792, 0.11698432266712189, 0.11367656290531158, 0.1117444857954979, 0.10510939359664917, 0.10248425602912903, 0.09714774042367935, 0.0959511399269104, 0.09288226068019867, 0.08951223641633987, 0.08642368018627167, 0.08443266898393631, 0.08108126372098923, 0.07895690202713013, 0.07644645869731903, 0.07314439862966537, 0.07168124616146088, 0.07117699086666107, 0.0671553686261177, 0.06407145410776138, 0.06177235767245293, 0.06171632930636406, 0.05881425365805626, 0.0569988377392292, 0.054936107248067856, 0.05384638532996178, 0.051624249666929245, 0.05083416774868965, 0.04908919706940651, 0.04656422883272171, 0.04607804864645004, 0.04326564818620682, 0.04335298761725426, 0.04066479578614235, 0.04044962674379349, 0.03736935928463936, 0.036976419389247894, 0.036171264946460724, 0.03421389311552048, 0.03330617770552635, 0.03267839923501015, 0.03150898590683937, 0.029115932062268257, 0.02922196127474308, 0.028595857322216034, 0.027252180501818657, 0.0262927059084177, 0.02626432292163372, 0.024573633447289467, 0.02356008253991604, 0.0225989930331707, 0.022366175428032875, 0.02192639373242855, 0.021048691123723984, 0.020117731764912605, 0.020158160477876663, 0.01906559243798256, 0.019464798271656036, 0.019070839509367943, 0.01756628043949604, 0.01714756153523922, 0.01724829711019993, 0.01783326268196106, 0.01552118081599474, 0.016276169568300247, 0.014587129466235638, 0.01651816815137863, 0.014842738397419453, 0.013888802379369736, 0.014452619478106499, 0.01278622355312109, 0.013545593246817589, 0.012090349569916725, 0.01306664664298296, 0.011309725232422352, 0.012756737880408764, 0.012005958706140518, 0.011664707213640213, 0.011963963508605957, 0.01067854929715395, 0.012026232667267323, 0.010358047671616077, 0.010483170859515667, 0.010125577449798584, 0.009991147555410862, 0.010837877169251442, 0.009774894453585148, 0.008395765908062458, 0.011067620478570461, 0.0090563939884305, 0.009924539364874363, 0.010560547932982445, 0.007896377705037594, 0.009403733536601067, 0.008789284154772758, 0.009852628223598003], 'accuracy': [0.620199978351593, 0.7873555421829224, 0.8245444297790527, 0.8502444624900818, 0.8695555329322815, 0.8821333050727844, 0.8930444717407227, 0.9018111228942871, 0.9091222286224365, 0.9172444343566895, 0.9243999719619751, 0.9289888739585876, 0.9339555501937866, 0.9383111000061035, 0.9398666620254517, 0.9443666934967041, 0.9463000297546387, 0.9490333199501038, 0.9506666660308838, 0.9523333311080933, 0.9539666771888733, 0.9569666385650635, 0.9571222066879272, 0.9585000276565552, 0.9603888988494873, 0.9613000154495239, 0.963188886642456, 0.9636333584785461, 0.9646221995353699, 0.967033326625824, 0.9676777720451355, 0.9682444334030151, 0.9693999886512756, 0.9698666930198669, 0.9707888960838318, 0.972255527973175, 0.9729889035224915, 0.9733999967575073, 0.974399983882904, 0.9753666520118713, 0.9770222306251526, 0.9768999814987183, 0.9777555465698242, 0.9786666631698608, 0.9792110919952393, 0.9799222350120544, 0.9802888631820679, 0.9807111024856567, 0.9814110994338989, 0.9824777841567993, 0.9826666712760925, 0.9842333197593689, 0.984000027179718, 0.9849333167076111, 0.9848666787147522, 0.9862666726112366, 0.9864333271980286, 0.9862889051437378, 0.9876111149787903, 0.9877777695655823, 0.9881222248077393, 0.9885888695716858, 0.9888666868209839, 0.9892777800559998, 0.9895555377006531, 0.9901777505874634, 0.9905111193656921, 0.9905999898910522, 0.9909666776657104, 0.9914777874946594, 0.9918110966682434, 0.9918222427368164, 0.9920666813850403, 0.9921555519104004, 0.9926444292068481, 0.9929999709129333, 0.9932555556297302, 0.993066668510437, 0.9935111403465271, 0.9936333298683167, 0.9941111207008362, 0.993922233581543, 0.9935666918754578, 0.9944444298744202, 0.9942777752876282, 0.9948777556419373, 0.9943110942840576, 0.9947888851165771, 0.9954444169998169, 0.9951111078262329, 0.995711088180542, 0.995555579662323, 0.995722234249115, 0.9954666495323181, 0.9961222410202026, 0.9956555366516113, 0.9956666827201843, 0.9961666464805603, 0.9959111213684082, 0.9963666796684265, 0.9958333373069763, 0.9966555833816528, 0.9963222146034241, 0.9966444373130798, 0.9965111017227173, 0.9965444207191467, 0.9966222047805786, 0.9972000122070312, 0.9966222047805786, 0.9971222281455994, 0.9966889023780823, 0.9966333508491516, 0.9973333477973938, 0.9967111349105835, 0.9973888993263245, 0.9966333508491516], 'val_loss': [], 'val_accuracy': [], 'f1_score': [0.6831489117835361, 0.6634580809019688, 0.7075790342455224, 0.7423802062829213, 0.718511044455068, 0.7597572789743862, 0.7761279803205677, 0.6872326670328246, 0.7870968730778723, 0.7726357388879862, 0.8035928072432227, 0.7763945196337259, 0.8100420284539258, 0.8316760135824136, 0.8388005905629946, 0.8291702262871173, 0.8190178473441091, 0.7480170760797238, 0.79618086981344, 0.8179038696458336, 0.8045432085816406, 0.847723790606822, 0.8382968653095739, 0.8378161434853558, 0.8358990777180496, 0.8418717243840135, 0.8038160038158364, 0.8239663479553216, 0.8054497631452264, 0.8558688086786113, 0.8437814052647296, 0.8201658952216008, 0.8333071238094756, 0.8465580080477076, 0.8117576199677641, 0.8253142963238917, 0.7826058206656582, 0.8453724913290187, 0.817201437357732, 0.8036329243546299, 0.8104062702029523, 0.8463986188717142, 0.8417193103013525, 0.7941592246906147, 0.8294940099102126, 0.848810859548689, 0.8532136008755512, 0.8114829538028703, 0.8468678594607033, 0.8016175705016071, 0.8461507157821221, 0.8510428630773675, 0.8479638461096664, 0.8389142866743524, 0.8066826760198456, 0.8470368540578851, 0.8044393668674413, 0.8459844443045292, 0.8035138759816204, 0.8271195421732767, 0.8439346355531092, 0.8395536309869579, 0.8244378153064041, 0.8561631233507054, 0.8497552246238056, 0.862410289659116, 0.8555843047571938, 0.8412739287239878, 0.8483819367631602, 0.8419046433373697, 0.7976266431461212, 0.8386977186083191, 0.8220418535004195, 0.8300301507814553, 0.843440782828305, 0.8418632444232318, 0.8387333809106297, 0.8404707428168178, 0.8684290790168256, 0.8576251136249523, 0.849445023362581, 0.8246148450627537, 0.824977716049345, 0.8604016223374024, 0.8338162658326831, 0.8446730479848141, 0.8389000100703985, 0.834830596545612, 0.8385562817787016, 0.8381961991232652, 0.8296881708137008, 0.8531433275750735, 0.8167524510299652, 0.7962411169466173, 0.8009669915096552, 0.8358357121380651, 0.8253765977748593, 0.8078996387803028, 0.8167308431716683, 0.8196094885066187, 0.7837395505074194, 0.8457539454902157, 0.8420218106620488, 0.8481530418108763, 0.8520426813617743, 0.8591680639194809, 0.8263978847749278, 0.8481190858267768, 0.8641203429058719, 0.8489996068659802, 0.8403536376995047, 0.8305187431279901, 0.8628403032659211, 0.821272639449799, 0.8342804657431303, 0.8559015134448203]}
