0.8964369144270863
              precision    recall  f1-score   support

           0       0.94      0.91      0.92       290
           1       0.83      0.85      0.84        40
           2       0.83      0.86      0.84       386
           3       0.98      0.97      0.98       718
           4       0.87      0.74      0.80       254
           5       0.98      0.93      0.96        60
           6       0.79      0.70      0.74        82
           7       1.00      1.00      1.00        11
           8       0.99      0.99      0.99     10699

    accuracy                           0.98     12540
   macro avg       0.91      0.88      0.90     12540
weighted avg       0.98      0.98      0.98     12540

[[  263     1     3     0     1     0     0     0    22]
 [    1    34     0     1     2     0     1     0     1]
 [    0     0   331     4    10     0     0     0    41]
 [    0     0    14   695     0     1     0     0     8]
 [    9     5    14     0   187     0     5     0    34]
 [    1     0     0     0     1    56     0     0     2]
 [    0     0     0     0     2     0    57     0    23]
 [    0     0     0     0     0     0     0    11     0]
 [    6     1    38     6    11     0     9     0 10628]]
{'loss': [0.2553964853286743, 0.1413746327161789, 0.11726909875869751, 0.09942450374364853, 0.09099361300468445, 0.08371736854314804, 0.07943491637706757, 0.0751732736825943, 0.07284903526306152, 0.07054528594017029, 0.06918865442276001, 0.06712919473648071, 0.06535354256629944, 0.06448929011821747, 0.06424996256828308, 0.06241866946220398, 0.062074266374111176, 0.05991778522729874, 0.06018883362412453, 0.058463580906391144, 0.05826498940587044, 0.05786270648241043, 0.05747377127408981, 0.05577760189771652, 0.05613253638148308, 0.05483170971274376, 0.0543254092335701, 0.05392618849873543, 0.05313710495829582, 0.05310782790184021, 0.05224644020199776, 0.051848381757736206, 0.05102712661027908, 0.05072450637817383, 0.05054408684372902, 0.05077417194843292, 0.04983152449131012, 0.048894718289375305, 0.05728008970618248, 0.04842814430594444, 0.04784509167075157, 0.04707241430878639, 0.0476791076362133, 0.047053661197423935, 0.04678751155734062, 0.04731948673725128, 0.04651516303420067, 0.045334696769714355, 0.04546603560447693, 0.044843513518571854, 0.04455166310071945, 0.04593964293599129, 0.04487930238246918, 0.0457824170589447, 0.04455255717039108, 0.04347721487283707, 0.045928705483675, 0.0432359017431736, 0.04333249852061272, 0.04360441863536835, 0.04361680895090103, 0.04246176779270172, 0.04245059937238693, 0.04150058701634407, 0.04310173913836479, 0.041179999709129333], 'accuracy': [0.9296934604644775, 0.9563823342323303, 0.962357759475708, 0.9667836427688599, 0.9694730043411255, 0.9715835452079773, 0.9735337495803833, 0.9742372632026672, 0.9753326177597046, 0.9760628342628479, 0.9760539531707764, 0.976650595664978, 0.9770601987838745, 0.9775232672691345, 0.9776390790939331, 0.9780041575431824, 0.9782000780105591, 0.9792242050170898, 0.9788679480552673, 0.979366660118103, 0.9794111847877502, 0.9795804023742676, 0.979669451713562, 0.980230450630188, 0.9806044697761536, 0.9808894395828247, 0.980693519115448, 0.9808003902435303, 0.9812011122703552, 0.9813525080680847, 0.9816820025444031, 0.9815484285354614, 0.9817176461219788, 0.9818957448005676, 0.9819402694702148, 0.9826437830924988, 0.9820026159286499, 0.9824033379554749, 0.9826793670654297, 0.9824033379554749, 0.9832137227058411, 0.9828752875328064, 0.9827061295509338, 0.9828842282295227, 0.983454167842865, 0.9834452271461487, 0.983089029788971, 0.9839795827865601, 0.9835610389709473, 0.9839528203010559, 0.9838637709617615, 0.9835699200630188, 0.9835610389709473, 0.9839439392089844, 0.9838637709617615, 0.9840062856674194, 0.9840062856674194, 0.9842289090156555, 0.9843535423278809, 0.9844604134559631, 0.98431795835495, 0.9846029281616211, 0.9849858283996582, 0.9847899079322815, 0.9848166704177856, 0.9853865504264832], 'val_loss': [], 'val_accuracy': [], 'f1_score': [0.5387291908873539, 0.7022023501890278, 0.7190321256701249, 0.8014564072602522, 0.7649219595818071, 0.8078018647933578, 0.8529177132983343, 0.8626064514512196, 0.8595384130714642, 0.8182161611439417, 0.8601813525464465, 0.8592542191333705, 0.8679038756499753, 0.85497269008961, 0.8631119015358255, 0.8557709612297147, 0.8824775024058505, 0.8610113015502079, 0.8606614581324403, 0.8808294403886674, 0.8552526998794888, 0.872740811014038, 0.8781857797847601, 0.8798031442939092, 0.8794329649103397, 0.8672705061000033, 0.8739460491413222, 0.8496112068381351, 0.8869010043701792, 0.8746683613390088, 0.8878396340467831, 0.8740892679438503, 0.8964369144270863, 0.8811232562004339, 0.8818525456588957, 0.8850593433551155, 0.8827052682891785, 0.8603963177601709, 0.8838063769037214, 0.8877548596162712, 0.8918250348986747, 0.8902526333733404, 0.8561706670788501, 0.8710837810223677, 0.8810201524907746, 0.8795231262172905, 0.8746405095796865, 0.8538811645619152, 0.8900004243680308, 0.8916600989797472, 0.8856110690783122, 0.867134724816137, 0.8629999287362521, 0.8776041835518439, 0.8771384001574191, 0.8295700709300367, 0.8839039565563286, 0.8810180843807509, 0.8801945011985891, 0.8804361641456885, 0.8774344680682341, 0.8746593514134084, 0.8812789618621513, 0.8678427780352811, 0.8829091850237183, 0.8669048803787026]}
