0.8775050938447273
              precision    recall  f1-score   support

           0       0.90      0.92      0.91       290
           1       0.92      0.82      0.87        40
           2       0.83      0.84      0.83       386
           3       0.96      0.99      0.97       718
           4       0.86      0.70      0.77       254
           5       0.88      0.95      0.91        60
           6       0.73      0.66      0.69        82
           7       1.00      0.91      0.95        11
           8       0.99      0.99      0.99     10699

    accuracy                           0.97     12540
   macro avg       0.89      0.86      0.88     12540
weighted avg       0.97      0.97      0.97     12540

[[  267     0     1     0     1     1     0     0    20]
 [    2    33     0     0     1     2     1     0     1]
 [    0     0   323    13     9     2     1     0    38]
 [    0     0     3   709     0     0     0     0     6]
 [   11     3    15     0   178     2     7     0    38]
 [    1     0     0     0     1    57     0     0     1]
 [    0     0     0     0     5     0    54     0    23]
 [    0     0     0     0     0     1     0    10     0]
 [   17     0    49    17    13     0    11     0 10592]]
{'loss': [0.25088998675346375, 0.13331258296966553, 0.10640374571084976, 0.08910039812326431, 0.0788775160908699, 0.07055915892124176, 0.06442253291606903, 0.05838216841220856, 0.05241096019744873, 0.04615979269146919, 0.04125472903251648, 0.03611043095588684, 0.03134501725435257, 0.028088688850402832, 0.024301595985889435, 0.02165954001247883, 0.019294362515211105, 0.019196439534425735, 0.016086218878626823, 0.01572396792471409, 0.014678879640996456, 0.013502588495612144, 0.013056207448244095, 0.01187809370458126, 0.011934981681406498, 0.010731218382716179, 0.01153067871928215, 0.010837716981768608, 0.009787308983504772, 0.010347901843488216, 0.008998333476483822, 0.009653015993535519, 0.009060636162757874, 0.009271176531910896, 0.007437604479491711], 'accuracy': [0.9318574666976929, 0.9597663283348083, 0.9659643173217773, 0.9709512591362, 0.973409116268158, 0.976125180721283, 0.9782000780105591, 0.9799989461898804, 0.9813346862792969, 0.9838637709617615, 0.9858496189117432, 0.9869894981384277, 0.9887527227401733, 0.9900528788566589, 0.9916201829910278, 0.9925641417503357, 0.9934012293815613, 0.9936149716377258, 0.9944520592689514, 0.9947904348373413, 0.9950487017631531, 0.9953426122665405, 0.9956631660461426, 0.9962331056594849, 0.9964112043380737, 0.9967050552368164, 0.9965091347694397, 0.996518075466156, 0.9969633221626282, 0.9968030452728271, 0.9972482919692993, 0.9972126483917236, 0.9973195195198059, 0.9972928166389465, 0.9977647662162781], 'val_loss': [], 'val_accuracy': [], 'f1_score': [0.6015946856235268, 0.7197814676368043, 0.8229948689996288, 0.8361534603873755, 0.8304035451900913, 0.8440656252428618, 0.8409327191205302, 0.8364323633920341, 0.8722376317658113, 0.862769659787382, 0.8502948121876845, 0.852023401818149, 0.8182779771862005, 0.8679883932259229, 0.8775050938447273, 0.8602148349654554, 0.8582351514897848, 0.854282397086312, 0.8584967544317937, 0.8449415023527783, 0.8467999417228603, 0.8633101128354848, 0.8740522750567874, 0.8569612748064719, 0.8593988226840735, 0.8397366485393947, 0.8580023513757706, 0.8608605090670113, 0.8576020118112887, 0.8633175874301119, 0.8437347092263511, 0.8552658838632536, 0.8625275967335476, 0.8330356762815169, 0.8530750420140731]}
