0.8694036355309492
              precision    recall  f1-score   support

           0       0.95      0.89      0.92       290
           1       0.74      0.88      0.80        40
           2       0.88      0.75      0.81       386
           3       0.98      0.97      0.98       718
           4       0.84      0.70      0.76       254
           5       0.92      0.93      0.93        60
           6       0.87      0.50      0.64        82
           7       1.00      1.00      1.00        11
           8       0.98      1.00      0.99     10699

    accuracy                           0.97     12540
   macro avg       0.91      0.85      0.87     12540
weighted avg       0.97      0.97      0.97     12540

[[  258     2     0     0     1     0     0     0    29]
 [    1    35     0     0     2     2     0     0     0]
 [    1     0   291     9    16     1     0     0    68]
 [    0     0     5   699     0     0     0     0    14]
 [   10     7    12     0   178     1     3     0    43]
 [    0     1     0     0     1    56     0     0     2]
 [    0     2     0     0     3     0    41     0    36]
 [    0     0     0     0     0     0     0    11     0]
 [    3     0    21     5    12     1     3     0 10654]]
{'loss': [0.21439261734485626, 0.12117026746273041, 0.09962599724531174, 0.08303218334913254, 0.07255265861749649, 0.06405702978372574, 0.05638602748513222, 0.05133491009473801, 0.045716941356658936, 0.040497761219739914, 0.038258835673332214, 0.04968133196234703, 0.03242983669042587, 0.031004399061203003, 0.02991340495646, 0.02796594239771366, 0.03073056973516941, 0.028208589181303978, 0.026667779311537743, 0.026173554360866547, 0.029276372864842415, 0.026972847059369087, 0.024634934961795807, 0.02841547131538391, 0.02665906772017479, 0.025651654228568077, 0.02453046850860119, 0.026437360793352127, 0.027707358822226524, 0.02546572871506214, 0.0243795458227396, 0.024244630709290504, 0.02355395071208477, 0.02925819344818592, 0.03028905764222145, 0.022831596434116364, 0.02741178311407566, 0.02687685377895832, 0.03024166449904442, 0.06383845955133438, 0.019581712782382965, 0.11359433084726334, 0.04638141021132469, 0.026102295145392418, 0.031897805631160736, 0.030243689194321632, 0.1400904804468155, 0.05510083958506584, 0.03258958458900452, 0.035859785974025726, 0.04275141656398773, 0.0315941758453846, 0.032917506992816925, 0.03763347864151001, 0.03141993656754494, 0.041813671588897705, 0.03061218187212944, 0.03234562277793884, 0.04324161633849144, 0.048901546746492386, 0.033599771559238434, 0.0337306410074234, 0.035484012216329575, 0.033001989126205444, 0.04390008747577667], 'accuracy': [0.9406290650367737, 0.9625714421272278, 0.9675762057304382, 0.9723849892616272, 0.9751099944114685, 0.9777191877365112, 0.9803907871246338, 0.9820114970207214, 0.9839706420898438, 0.9862236380577087, 0.9871587157249451, 0.9870785474777222, 0.9891623854637146, 0.9895097017288208, 0.9905248880386353, 0.9909344911575317, 0.9903022646903992, 0.9910948276519775, 0.9912284016609192, 0.991646945476532, 0.9914688467979431, 0.9919319152832031, 0.9926264882087708, 0.9915489554405212, 0.9923504590988159, 0.9927066564559937, 0.9927867650985718, 0.9924127459526062, 0.9925641417503357, 0.9926888346672058, 0.9932053089141846, 0.993196427822113, 0.993196427822113, 0.9925196170806885, 0.9918428659439087, 0.9942294359207153, 0.9930539727210999, 0.9924750924110413, 0.9926531910896301, 0.9914332032203674, 0.9942294359207153, 0.9864552021026611, 0.9886102676391602, 0.9934635758399963, 0.9922614097595215, 0.992733359336853, 0.9847543239593506, 0.9850303530693054, 0.9915222525596619, 0.9912818074226379, 0.9912907481193542, 0.9918695688247681, 0.9911215305328369, 0.9911393523216248, 0.9930272102355957, 0.9902309775352478, 0.9924395084381104, 0.9918339252471924, 0.9893938899040222, 0.9888685345649719, 0.9920921921730042, 0.9922969937324524, 0.9920120239257812, 0.9925997853279114, 0.9903556704521179], 'val_loss': [], 'val_accuracy': [], 'f1_score': [0.6527716065675196, 0.7166733250779802, 0.7862967540631943, 0.8114621339997354, 0.8297015402572477, 0.8239092018392166, 0.8083578855506371, 0.8509711540081759, 0.8192288446510149, 0.8015964213675343, 0.7415376565868531, 0.8443518479346938, 0.8238797313552257, 0.8434978869973925, 0.830311998728457, 0.84868406625147, 0.8456216727564834, 0.8430476190845166, 0.7748215740883427, 0.8613188528002111, 0.8212961444242983, 0.8330923604507744, 0.8089444766710462, 0.7685996887122654, 0.8235482651295875, 0.8398399309715668, 0.8476530264989952, 0.8007099677365139, 0.8409289379557374, 0.8105307175299469, 0.8258165199799872, 0.8166197293644265, 0.8260779752406829, 0.7944735236817035, 0.8415244186714006, 0.8246307714626204, 0.797128469510808, 0.7942434476028958, 0.8259420409316394, 0.8694036355309492, 0.8231426777693339, 0.8327376311358332, 0.8436949526397938, 0.8098004254722553, 0.8091574578174792, 0.8423135606848086, 0.7989995259146739, 0.844917434254556, 0.789637067859585, 0.774252414140367, 0.8308813285282488, 0.8174824088888333, 0.8001882517818542, 0.8376727866985011, 0.8057937100072268, 0.8146546191485792, 0.8323152175201669, 0.8350044240246647, 0.8332361229808783, 0.8267412597698198, 0.800159231634797, 0.7823553118072658, 0.8321405222329452, 0.8369795512566565, 0.8389156085679629]}
