0.8631028524680013
              precision    recall  f1-score   support

           0       0.86      0.94      0.90       290
           1       0.86      0.80      0.83        40
           2       0.77      0.81      0.79       386
           3       0.97      0.98      0.97       718
           4       0.75      0.74      0.74       254
           5       0.81      0.93      0.87        60
           6       0.61      0.76      0.67        82
           7       1.00      1.00      1.00        11
           8       0.99      0.98      0.99     10699

    accuracy                           0.97     12540
   macro avg       0.85      0.88      0.86     12540
weighted avg       0.97      0.97      0.97     12540

[[  274     0     0     0     2     0     0     0    14]
 [    1    32     0     0     5     2     0     0     0]
 [    0     0   313     4    17     1     2     0    49]
 [    0     1     8   702     0     0     0     0     7]
 [   10     4     8     0   187     1    12     0    32]
 [    1     0     2     0     0    56     0     0     1]
 [    0     0     0     0     3     0    62     0    17]
 [    0     0     0     0     0     0     0    11     0]
 [   33     0    73    16    36     9    26     0 10506]]
{'loss': [0.6599776148796082, 0.2619245946407318, 0.21132177114486694, 0.17500190436840057, 0.15115545690059662, 0.1359008103609085, 0.11558449268341064, 0.10122672468423843, 0.08706209063529968, 0.07799409329891205, 0.06499581784009933, 0.058601848781108856, 0.052734728902578354, 0.04573153704404831, 0.04321843385696411, 0.04284081608057022, 0.03874565288424492, 0.03491966053843498, 0.03617672249674797, 0.03350221365690231, 0.032181158661842346, 0.03331062197685242, 0.029037727043032646, 0.030565692111849785, 0.026408761739730835, 0.02701669931411743, 0.02862752601504326, 0.030542779713869095, 0.02534463070333004, 0.030757136642932892, 0.02799494005739689, 0.02940623089671135, 0.02748360112309456, 0.030392564833164215, 0.03194572031497955, 0.026161327958106995, 0.02282588742673397, 0.027363857254385948], 'accuracy': [0.7542333602905273, 0.9155333042144775, 0.9313777685165405, 0.942122220993042, 0.9489666819572449, 0.9550222158432007, 0.9608555436134338, 0.9660333395004272, 0.97115558385849, 0.973633348941803, 0.9779444336891174, 0.9809444546699524, 0.9830222129821777, 0.9846110939979553, 0.9863777756690979, 0.9872221946716309, 0.9881888628005981, 0.9895777702331543, 0.9894222021102905, 0.9904999732971191, 0.9904333353042603, 0.9905222058296204, 0.9919111132621765, 0.9916333556175232, 0.9924555420875549, 0.9926555752754211, 0.9925110936164856, 0.9918110966682434, 0.993411123752594, 0.9919221997261047, 0.9929333329200745, 0.9925333261489868, 0.9934444427490234, 0.9929999709129333, 0.9929222464561462, 0.9933000206947327, 0.99391108751297, 0.9939000010490417], 'val_loss': [], 'val_accuracy': [], 'f1_score': [0.7924611784036937, 0.8380894702316839, 0.8351996900714194, 0.7974928286078091, 0.8118575574335676, 0.8319956713541443, 0.8610604014826454, 0.809308240556309, 0.8199450161842097, 0.8377322969612998, 0.8236714587721833, 0.8327287165663216, 0.8505188329609836, 0.8287157143320468, 0.8085465229849098, 0.8548007604631741, 0.8140487777838932, 0.8088453232946304, 0.8587818553371308, 0.823600071193925, 0.8631028524680013, 0.8594546836697593, 0.8424934600884569, 0.8035823479825939, 0.8061768960286639, 0.8254251606333809, 0.8338718041472895, 0.8024129643009358, 0.8337473608867917, 0.8386304363705838, 0.8340528021801146, 0.8060728950814258, 0.832031340701335, 0.8131389554342583, 0.8264137950523486, 0.8334449974000893, 0.8442263347736828, 0.8504543099644892]}
