0.8695419480224005
              precision    recall  f1-score   support

           0       0.87      0.95      0.91       290
           1       0.79      0.85      0.82        40
           2       0.83      0.88      0.85       386
           3       0.99      0.98      0.98       718
           4       0.79      0.78      0.79       254
           5       0.89      0.93      0.91        60
           6       0.48      0.88      0.62        82
           7       0.92      1.00      0.96        11
           8       0.99      0.98      0.99     10699

    accuracy                           0.97     12540
   macro avg       0.84      0.91      0.87     12540
weighted avg       0.98      0.97      0.97     12540

[[  276     1     0     0     0     0     0     0    13]
 [    2    34     0     0     2     1     1     0     0]
 [    0     0   340     3     9     1     5     0    28]
 [    0     0     8   702     0     0     0     0     8]
 [    8     6     7     0   198     0    10     1    24]
 [    1     0     0     0     2    56     1     0     0]
 [    0     0     0     0     1     0    72     0     9]
 [    0     0     0     0     0     0     0    11     0]
 [   29     2    57     5    38     5    61     0 10502]]
{'loss': [0.9504883885383606, 0.5781728029251099, 0.47518041729927063, 0.40129053592681885, 0.3482908010482788, 0.3145354688167572, 0.28582465648651123, 0.260184645652771, 0.24164986610412598, 0.222433403134346, 0.2037111520767212, 0.18978504836559296, 0.17835193872451782, 0.1684960573911667, 0.15761984884738922, 0.1518627554178238, 0.14507561922073364, 0.1379271298646927, 0.1328335553407669, 0.12778104841709137, 0.12242936342954636, 0.11957976222038269, 0.11510476469993591, 0.11054933816194534, 0.10822436958551407, 0.10342811048030853, 0.10016386955976486, 0.09744662791490555, 0.09487462043762207, 0.09302385151386261, 0.08995778858661652, 0.08745356649160385, 0.08608416467905045, 0.0823684111237526, 0.0806632861495018, 0.0766906663775444, 0.07749565690755844, 0.07330170273780823, 0.0721968337893486, 0.07079272717237473, 0.06944485753774643, 0.06599938869476318, 0.06383633613586426, 0.06420855969190598, 0.06062079966068268, 0.05897838622331619, 0.05749211832880974, 0.0564306303858757, 0.05667959153652191, 0.05321083962917328, 0.05278380960226059, 0.05038347840309143, 0.050124239176511765, 0.048209939152002335, 0.04714285582304001, 0.0465993657708168, 0.044783394783735275, 0.04369571805000305, 0.043178047984838486, 0.042134903371334076, 0.041600894182920456, 0.03886854276061058, 0.03798340633511543, 0.03786369785666466, 0.03589974343776703, 0.0359063558280468, 0.03618595376610756, 0.033794667571783066, 0.032971590757369995, 0.03204771876335144, 0.031801797449588776, 0.030168689787387848, 0.030048003420233727, 0.029757237061858177, 0.029815703630447388, 0.028534362092614174, 0.028582552447915077, 0.027990199625492096], 'accuracy': [0.6387555599212646, 0.7865666747093201, 0.8237000107765198, 0.8528333306312561, 0.8722222447395325, 0.884755551815033, 0.8955777883529663, 0.9044333100318909, 0.9111111164093018, 0.9193000197410583, 0.9259999990463257, 0.930566668510437, 0.9341999888420105, 0.938188910484314, 0.9420111179351807, 0.9441778063774109, 0.9461666941642761, 0.9493111371994019, 0.9495555758476257, 0.9528555274009705, 0.9542333483695984, 0.9552778005599976, 0.9566666483879089, 0.9593555331230164, 0.9603444337844849, 0.9612333178520203, 0.9623000025749207, 0.9638000130653381, 0.9646999835968018, 0.9648222327232361, 0.9652888774871826, 0.9668777585029602, 0.9676222205162048, 0.9691666960716248, 0.9697444438934326, 0.9709444642066956, 0.9706555604934692, 0.9720777869224548, 0.9726222157478333, 0.9736999869346619, 0.9732778072357178, 0.9753111004829407, 0.9759666919708252, 0.9758555293083191, 0.9768666625022888, 0.9777222275733948, 0.9786777496337891, 0.9785222411155701, 0.9792555570602417, 0.9801222085952759, 0.9800333380699158, 0.9811555743217468, 0.9811555743217468, 0.9818000197410583, 0.9825000166893005, 0.9824888706207275, 0.9825222492218018, 0.9836221933364868, 0.9840666651725769, 0.9841889142990112, 0.9846222400665283, 0.9858444333076477, 0.9858111143112183, 0.9854778051376343, 0.9870444536209106, 0.9864222407341003, 0.9865221977233887, 0.9874222278594971, 0.9879666566848755, 0.9879222512245178, 0.9882333278656006, 0.9887333512306213, 0.9888444542884827, 0.9891555309295654, 0.9894000291824341, 0.9894333481788635, 0.9896555542945862, 0.9894999861717224], 'val_loss': [], 'val_accuracy': [], 'f1_score': [0.6704050751831485, 0.6667703440252817, 0.7011935025441747, 0.7182547905799754, 0.758009123226928, 0.7195151675789238, 0.7479793941604629, 0.7880286690789564, 0.7773585693709194, 0.7216670853464918, 0.7698778614690552, 0.7649730767376449, 0.8057492418052695, 0.8331505313980493, 0.7964609285065793, 0.8131437628593269, 0.792128358895805, 0.80557688273509, 0.8225777512219782, 0.8471968859100812, 0.8472521631697112, 0.7888467646742066, 0.8322515364892974, 0.7993829938750635, 0.8320477201450618, 0.8456689208418005, 0.8286330308273223, 0.8333735271185847, 0.845011546131428, 0.8498219555118438, 0.8317356056901538, 0.8226355506199262, 0.8362069536188739, 0.847818914781626, 0.8312433524752625, 0.8397064963398314, 0.8305008366089115, 0.8695419480224005, 0.8286374657572986, 0.8449884662536145, 0.8605117125935595, 0.8218383884857344, 0.8418431928849939, 0.8257397548268952, 0.8252951312749031, 0.8604770257944951, 0.8417043370512381, 0.8611732724231588, 0.8320660068660791, 0.8419601952994341, 0.8000706931162606, 0.8325367059208942, 0.8679907865595953, 0.8520272096519395, 0.8345241357206168, 0.8387974394952789, 0.840061922737837, 0.8365370626028495, 0.8297101589483552, 0.8624098122111034, 0.8306647366628782, 0.8388231845930689, 0.8248422724797105, 0.8458497673316455, 0.8385667737905982, 0.8436827614665509, 0.8389578947104539, 0.8236121489452626, 0.8567156912922065, 0.8074113147997592, 0.8513796183531392, 0.833426470100645, 0.8571412921063472, 0.846358028365854, 0.8442750384667915, 0.8370345336040906, 0.8176404219003085, 0.8392646522378396]}
