0.8905954750212255
              precision    recall  f1-score   support

           0       0.90      0.94      0.92       290
           1       0.78      0.88      0.82        40
           2       0.93      0.80      0.86       386
           3       0.99      0.98      0.98       718
           4       0.88      0.74      0.81       254
           5       0.95      0.92      0.93        60
           6       0.80      0.70      0.75        82
           7       0.92      1.00      0.96        11
           8       0.99      1.00      0.99     10699

    accuracy                           0.98     12540
   macro avg       0.90      0.88      0.89     12540
weighted avg       0.98      0.98      0.98     12540

[[  272     1     1     0     2     0     0     0    14]
 [    1    35     0     0     2     0     1     0     1]
 [    0     1   308     5     8     3     2     1    58]
 [    0     0     7   702     0     0     0     0     9]
 [   14     6     5     0   188     0     4     0    37]
 [    2     1     0     0     0    55     0     0     2]
 [    0     1     0     0     4     0    57     0    20]
 [    0     0     0     0     0     0     0    11     0]
 [   12     0    10     5     9     0     7     0 10656]]
{'loss': [0.24843287467956543, 0.1342032104730606, 0.108540378510952, 0.09228380024433136, 0.08532283455133438, 0.0795762836933136, 0.07694554328918457, 0.0730973407626152, 0.07012273371219635, 0.06800544261932373, 0.06664975732564926, 0.06539347767829895, 0.0631059855222702, 0.06203789636492729, 0.05995965376496315, 0.05980265885591507, 0.05800545960664749, 0.058258917182683945, 0.05546091869473457, 0.0554853156208992, 0.05457548052072525, 0.05381062254309654, 0.052193570882081985, 0.05213132128119469, 0.0506075844168663, 0.050659164786338806, 0.049711499363183975, 0.04919707775115967, 0.0487443208694458, 0.046803299337625504, 0.04700435698032379, 0.04641725495457649, 0.04639063775539398, 0.04563182592391968, 0.04387043043971062, 0.04721664637327194, 0.04528820887207985, 0.04366972669959068, 0.04366760328412056, 0.04308328405022621, 0.04179885983467102, 0.04218415543437004, 0.0409158319234848, 0.041177328675985336, 0.03944720700383186, 0.04058627411723137, 0.03941597789525986, 0.038842927664518356, 0.039071306586265564, 0.037666935473680496, 0.03763443976640701, 0.03715570643544197, 0.03704829514026642, 0.034714728593826294], 'accuracy': [0.9314923286437988, 0.9580031037330627, 0.9644950032234192, 0.9698915481567383, 0.9713698029518127, 0.9729192852973938, 0.9739968180656433, 0.9751812219619751, 0.9758669137954712, 0.9770067930221558, 0.9769978523254395, 0.9773986339569092, 0.9786542654037476, 0.9783603549003601, 0.9790104627609253, 0.9791885614395142, 0.9798386096954346, 0.9795180559158325, 0.9803907871246338, 0.9802839159965515, 0.981094241142273, 0.980595588684082, 0.9817710518836975, 0.9810853600502014, 0.9821272492408752, 0.9822341203689575, 0.9824835062026978, 0.9821628928184509, 0.9826971888542175, 0.9833027720451355, 0.983454167842865, 0.9829999804496765, 0.9833383560180664, 0.9839528203010559, 0.9844426512718201, 0.9832760691642761, 0.983917236328125, 0.9844248294830322, 0.984237790107727, 0.9843713641166687, 0.9848166704177856, 0.9847365021705627, 0.9855379462242126, 0.9853954911231995, 0.9857249855995178, 0.9854221940040588, 0.9861257076263428, 0.9863216280937195, 0.9863572120666504, 0.9868025183677673, 0.9867045283317566, 0.9872744679450989, 0.987034022808075, 0.9875505566596985], 'val_loss': [], 'val_accuracy': [], 'f1_score': [0.605653536805354, 0.7005766780258901, 0.7896133169393917, 0.8205674340523738, 0.7978967687706536, 0.8367631898086141, 0.8444236904141476, 0.8562459654884867, 0.8511248355274449, 0.8478712760971582, 0.8181387505540074, 0.8310979640244031, 0.8576755364200023, 0.8644127915074158, 0.8337021481993543, 0.8509867583946747, 0.8840139900653271, 0.8371417670148414, 0.8540480082210432, 0.8525427607256033, 0.8635182595126691, 0.8630866322046924, 0.8780837824196337, 0.8613344323984422, 0.8837619034904074, 0.8760007562182347, 0.8785862939638766, 0.8716593458361883, 0.8824670462280333, 0.8677492934752505, 0.8809520316695094, 0.8671618057434042, 0.8905954750212255, 0.8700575115967927, 0.8614453732356272, 0.868095701707367, 0.8529504432573849, 0.8575462981724435, 0.8803222942104287, 0.8787303759973375, 0.8777443301521344, 0.8694838597771828, 0.8831595891970312, 0.8736359167462726, 0.8721652130159205, 0.8776167666898248, 0.8716054215082978, 0.8752259861816015, 0.8785807085945766, 0.8823742386618186, 0.871601940634209, 0.8798707171596041, 0.8716606296745325, 0.8711697905466589]}
