0.8634879028563403
              precision    recall  f1-score   support

           0       0.87      0.92      0.89       290
           1       0.83      0.75      0.79        40
           2       0.86      0.77      0.81       386
           3       0.99      0.97      0.98       718
           4       0.84      0.67      0.75       254
           5       0.90      0.90      0.90        60
           6       0.88      0.60      0.71        82
           7       1.00      0.91      0.95        11
           8       0.98      1.00      0.99     10699

    accuracy                           0.97     12540
   macro avg       0.91      0.83      0.86     12540
weighted avg       0.97      0.97      0.97     12540

[[  267     0     0     0     2     0     1     0    20]
 [    5    30     0     0     4     0     0     0     1]
 [    0     1   296     4    12     2     0     0    71]
 [    0     1    13   693     0     0     0     0    11]
 [   22     4    13     0   171     0     3     0    41]
 [    2     0     2     0     1    54     0     0     1]
 [    0     0     0     0     4     0    49     0    29]
 [    0     0     0     0     0     1     0    10     0]
 [   11     0    20     5     9     3     3     0 10648]]
{'loss': [0.25908133387565613, 0.1453624963760376, 0.11561203747987747, 0.09770997613668442, 0.08566851913928986, 0.07905872911214828, 0.07187119871377945, 0.065348781645298, 0.05953946337103844, 0.05344194918870926, 0.048446010798215866, 0.042677007615566254, 0.03906719759106636, 0.0353013277053833, 0.0310728270560503, 0.028463557362556458, 0.027989493682980537, 0.023767298087477684, 0.024226967245340347, 0.02217140793800354, 0.02259524166584015, 0.020107729360461235, 0.017951441928744316, 0.01958790235221386, 0.016268648207187653, 0.017441535368561745, 0.01927860826253891, 0.01607467792928219, 0.015669122338294983, 0.01628376729786396, 0.014732042327523232, 0.016699500381946564, 0.014720223844051361, 0.014846195466816425, 0.012887390330433846, 0.014228659681975842, 0.014102374203503132, 0.018321935087442398, 0.013592015951871872, 0.01334934402257204, 0.01545379962772131, 0.013321934267878532, 0.012234821915626526], 'accuracy': [0.9288741946220398, 0.956720769405365, 0.9636934995651245, 0.9685913920402527, 0.9715033769607544, 0.9738365411758423, 0.9757867455482483, 0.9776390790939331, 0.9794557094573975, 0.9817087054252625, 0.9837034940719604, 0.985003650188446, 0.9871320128440857, 0.9879334568977356, 0.9895007610321045, 0.9903734922409058, 0.9906940460205078, 0.9920921921730042, 0.9921367168426514, 0.9926354289054871, 0.9928580522537231, 0.9933656454086304, 0.9941315054893494, 0.9939177632331848, 0.9947904348373413, 0.9945411086082458, 0.994523286819458, 0.9951822757720947, 0.9950398206710815, 0.9949418306350708, 0.9954850673675537, 0.995191216468811, 0.995591938495636, 0.9957611560821533, 0.9957967400550842, 0.9959926605224609, 0.9958857893943787, 0.9956364631652832, 0.9958502054214478, 0.9963132739067078, 0.9959570169448853, 0.996215283870697, 0.996518075466156], 'val_loss': [], 'val_accuracy': [], 'f1_score': [0.4965150473213996, 0.7190509026408537, 0.7491054276541933, 0.818067536416349, 0.8454830068641392, 0.8309621815180877, 0.8292650924931433, 0.8470393333476337, 0.8481479733887185, 0.8463466503946697, 0.8504553171060194, 0.8634879028563403, 0.8142060698938167, 0.8617254191377587, 0.8290435408288053, 0.8265738099444248, 0.8350104124852933, 0.8625209393543023, 0.8240223505842523, 0.8485913395592851, 0.8391230348978888, 0.8503193257311907, 0.8575911779259422, 0.8251132184850739, 0.8483414495320534, 0.8401342959173074, 0.8509455981121017, 0.8362598827815139, 0.8305005714944453, 0.8622826239385462, 0.8469420775745332, 0.856499573211763, 0.8519698499034615, 0.8320598228515168, 0.8424152748324871, 0.8503561594119472, 0.8408668367614386, 0.7894754429805491, 0.8560492157580577, 0.8552964574111874, 0.8252010460377115, 0.8252546230593261, 0.8505339236322809]}
