0.873877323885124
              precision    recall  f1-score   support

           0       0.91      0.92      0.91       290
           1       0.77      0.90      0.83        40
           2       0.76      0.90      0.82       386
           3       0.97      0.98      0.98       718
           4       0.78      0.78      0.78       254
           5       0.96      0.90      0.93        60
           6       0.64      0.71      0.67        82
           7       0.92      1.00      0.96        11
           8       0.99      0.98      0.99     10699

    accuracy                           0.97     12540
   macro avg       0.85      0.90      0.87     12540
weighted avg       0.97      0.97      0.97     12540

[[  268     1     0     0     6     0     0     0    15]
 [    0    36     0     1     2     1     0     0     0]
 [    0     1   347     7     6     0     1     1    23]
 [    0     0     7   707     0     0     0     0     4]
 [    9     9    10     0   197     0     5     0    24]
 [    2     0     1     0     1    54     0     0     2]
 [    0     0     0     0     2     0    58     0    22]
 [    0     0     0     0     0     0     0    11     0]
 [   17     0    92    16    38     1    27     0 10508]]
{'loss': [0.9995245933532715, 0.558861255645752, 0.417975515127182, 0.34050196409225464, 0.292263925075531, 0.2628232538700104, 0.24638424813747406, 0.23048250377178192, 0.21718882024288177, 0.21031515300273895, 0.20028746128082275, 0.19448316097259521, 0.18638645112514496, 0.18257653713226318, 0.18086417019367218, 0.17197202146053314, 0.1677483171224594, 0.1675458699464798, 0.16119395196437836, 0.15706056356430054, 0.15445177257061005, 0.1506926566362381, 0.14855656027793884, 0.14674754440784454, 0.14306388795375824, 0.14220747351646423, 0.13898742198944092, 0.1372726559638977, 0.13554449379444122, 0.135106161236763, 0.13228023052215576, 0.131462961435318, 0.1292620599269867, 0.12558528780937195, 0.12464684247970581, 0.12010223418474197, 0.12039269506931305, 0.12079332768917084, 0.11734311282634735, 0.11709693819284439, 0.114281065762043, 0.11482850462198257, 0.1132223978638649, 0.11168333142995834, 0.10910093039274216, 0.10872986912727356, 0.10931617766618729, 0.1081506758928299, 0.1057964414358139, 0.10428508371114731, 0.10720044374465942, 0.10066639631986618, 0.10395219922065735, 0.09849254786968231, 0.10652964562177658, 0.10025042295455933, 0.0972973108291626, 0.09992988407611847, 0.09572353214025497, 0.09693567454814911, 0.09518247842788696, 0.0950007364153862, 0.09626223146915436, 0.09299714863300323, 0.09228762239217758, 0.09582386910915375, 0.08881452679634094, 0.09034301340579987, 0.0916149765253067, 0.08949467539787292, 0.08702530711889267, 0.08801696449518204, 0.09144280850887299, 0.08699262887239456], 'accuracy': [0.6216111183166504, 0.804722249507904, 0.8597111105918884, 0.886211097240448, 0.9038888812065125, 0.913611114025116, 0.917900025844574, 0.9232333302497864, 0.9282222390174866, 0.9303555488586426, 0.9333999752998352, 0.9354000091552734, 0.937844455242157, 0.9383222460746765, 0.9393222332000732, 0.9419888854026794, 0.9431889057159424, 0.9441333413124084, 0.9450777769088745, 0.946577787399292, 0.9474999904632568, 0.9486555457115173, 0.9496777653694153, 0.9509999752044678, 0.9510666728019714, 0.9526777863502502, 0.9531333446502686, 0.9534555673599243, 0.9543444514274597, 0.9539777636528015, 0.955477774143219, 0.9555222392082214, 0.9562110900878906, 0.9570000171661377, 0.9575555324554443, 0.9584110975265503, 0.9589666724205017, 0.9594888687133789, 0.9600889086723328, 0.9600777626037598, 0.9613555669784546, 0.961044430732727, 0.9623110890388489, 0.9616333246231079, 0.9633111357688904, 0.9626666903495789, 0.9625111222267151, 0.9626666903495789, 0.9644888639450073, 0.9642444252967834, 0.9638888835906982, 0.965833306312561, 0.9648222327232361, 0.9664777517318726, 0.9645777940750122, 0.9653111100196838, 0.9662888646125793, 0.966355562210083, 0.9674555659294128, 0.9678555727005005, 0.9685666561126709, 0.9680222272872925, 0.967033326625824, 0.9682666659355164, 0.9692333340644836, 0.96797776222229, 0.9692444205284119, 0.9691666960716248, 0.969011127948761, 0.9695666432380676, 0.9698666930198669, 0.9694444537162781, 0.9699777960777283, 0.9708777666091919], 'val_loss': [], 'val_accuracy': [], 'f1_score': [0.6553774283412207, 0.7290068027624402, 0.7382854719208496, 0.768822598378204, 0.796120336693915, 0.8153791727320181, 0.81558536118885, 0.8242668989100194, 0.8352296137226997, 0.7985689169955891, 0.8506855978769853, 0.7910247930906581, 0.8021623600352221, 0.829437617918172, 0.849648838576745, 0.8534650383597608, 0.8602212456216758, 0.8434637524625491, 0.8084767454503522, 0.8591724550139964, 0.8434373510147409, 0.8610895203846229, 0.8582498647911982, 0.838799225158803, 0.8483406512797247, 0.8332618631994947, 0.863100184408881, 0.8634930596425318, 0.862133698931602, 0.8480317225639823, 0.8470677206825871, 0.8552739929678204, 0.8268448250834066, 0.8603901560892889, 0.84723116435031, 0.873877323885124, 0.8492211073608712, 0.8383852834375582, 0.8566069192486395, 0.7991718744461944, 0.8427466008391014, 0.8655171182438602, 0.793813629344228, 0.8411323746626702, 0.8192302061079084, 0.8710282544381818, 0.8368198072979386, 0.8691921316554185, 0.8537736786727125, 0.8327505006560884, 0.8474841077283239, 0.8056161374904729, 0.8566347126465763, 0.8711350467120373, 0.8574072079459569, 0.8535423538593734, 0.861815186152521, 0.8503793057355171, 0.8377477276365075, 0.8606431980185641, 0.8347378775917673, 0.8537462175335242, 0.8485955724179723, 0.8584412389729166, 0.8348387822534737, 0.8690797057610067, 0.847803627844933, 0.840727067694556, 0.8725947481664493, 0.8582810025696571, 0.8087305288134443, 0.8734433973247466, 0.8479766629473828, 0.8583284266321883]}
