0.8698521993700095
              precision    recall  f1-score   support

           0       0.79      0.97      0.87       290
           1       0.89      0.82      0.86        40
           2       0.76      0.89      0.82       386
           3       0.94      0.99      0.97       718
           4       0.68      0.81      0.74       254
           5       0.83      0.97      0.89        60
           6       0.66      0.84      0.74        82
           7       0.92      1.00      0.96        11
           8       1.00      0.97      0.98     10699

    accuracy                           0.97     12540
   macro avg       0.83      0.92      0.87     12540
weighted avg       0.97      0.97      0.97     12540

[[  282     1     1     0     2     0     0     0     4]
 [    1    33     0     1     3     1     1     0     0]
 [    0     0   344     9    12     2     2     0    17]
 [    0     0     8   709     0     1     0     0     0]
 [   15     3     8     0   207     0     6     1    14]
 [    1     0     0     0     1    58     0     0     0]
 [    0     0     0     0     3     0    69     0    10]
 [    0     0     0     0     0     0     0    11     0]
 [   57     0    93    32    75     8    27     0 10407]]
{'loss': [0.687446117401123, 0.3161751627922058, 0.2294728010892868, 0.19011440873146057, 0.1667754203081131, 0.15061606466770172, 0.1392776221036911, 0.1281488835811615, 0.12135206162929535, 0.11083472520112991, 0.10605363547801971, 0.1009722352027893, 0.09775194525718689, 0.08970458805561066, 0.08774562180042267, 0.08230002969503403, 0.07997295260429382, 0.0761055275797844, 0.07235267758369446, 0.07115478068590164, 0.0666976273059845, 0.06497888267040253, 0.061092834919691086, 0.06098192185163498, 0.05877469480037689, 0.056684669107198715, 0.05395033583045006, 0.05242050066590309, 0.05014923959970474, 0.04857062175869942, 0.049068376421928406, 0.04418591409921646, 0.04541568458080292, 0.04345836490392685, 0.04239020124077797, 0.038943130522966385, 0.03893109783530235, 0.037919141352176666], 'accuracy': [0.7407444715499878, 0.8851666450500488, 0.9174777865409851, 0.9311444163322449, 0.9398888945579529, 0.9446222186088562, 0.9484333395957947, 0.9535222053527832, 0.9553444385528564, 0.9585444331169128, 0.9605222344398499, 0.9624999761581421, 0.9634444713592529, 0.9665889143943787, 0.967044472694397, 0.9692666530609131, 0.9698444604873657, 0.9713000059127808, 0.9727222323417664, 0.9733111262321472, 0.975088894367218, 0.9762444496154785, 0.9769333600997925, 0.9772999882698059, 0.9782333374023438, 0.9786666631698608, 0.9797444343566895, 0.9805333614349365, 0.9813222289085388, 0.9813666939735413, 0.9821222424507141, 0.9828110933303833, 0.9835222363471985, 0.9840333461761475, 0.9847333431243896, 0.9853000044822693, 0.9858999848365784, 0.9861999750137329], 'val_loss': [], 'val_accuracy': [], 'f1_score': [0.6462509808072112, 0.819110445295729, 0.773025424072505, 0.8305622104987861, 0.8164816445085192, 0.7859009590278904, 0.8379146257451386, 0.8102500962507762, 0.8524069259137059, 0.8511279636854109, 0.8064625773948089, 0.8698521993700095, 0.8431898446974826, 0.8344748790976831, 0.8541230753787062, 0.848046274892156, 0.8481826684522683, 0.8258048897266508, 0.828436201242527, 0.8395898497662821, 0.8456068558429833, 0.8268836890424173, 0.8440672818204766, 0.8195429070048309, 0.8443004943709426, 0.8161467151034497, 0.8381803101080674, 0.8131848285888813, 0.8354150356447334, 0.8615227283191567, 0.8151872377123918, 0.8355834627789929, 0.8272091049826029, 0.8195729981844989, 0.8517710280819395, 0.8373817234271184, 0.8148596987287824, 0.8521370010327355]}
