0.8937097747049632
              precision    recall  f1-score   support

           0       0.92      0.92      0.92       290
           1       0.87      0.85      0.86        40
           2       0.89      0.85      0.87       386
           3       0.98      0.97      0.98       718
           4       0.92      0.74      0.82       254
           5       0.96      0.82      0.88        60
           6       0.75      0.70      0.72        82
           7       1.00      1.00      1.00        11
           8       0.99      1.00      0.99     10699

    accuracy                           0.98     12540
   macro avg       0.92      0.87      0.89     12540
weighted avg       0.98      0.98      0.98     12540

[[  266     1     0     0     2     0     0     0    21]
 [    1    34     0     0     2     0     2     0     1]
 [    0     0   330     5     4     1     4     0    42]
 [    0     1     8   700     0     0     0     0     9]
 [   15     2     9     0   187     0     4     0    37]
 [    3     1     2     1     1    49     0     0     3]
 [    0     0     0     0     4     0    57     0    21]
 [    0     0     0     0     0     0     0    11     0]
 [    5     0    21     5     4     1     9     0 10654]]
{'loss': [0.26110225915908813, 0.14837652444839478, 0.11874320358037949, 0.10457352548837662, 0.09233240783214569, 0.08545103669166565, 0.07985945791006088, 0.07665358483791351, 0.07457607239484787, 0.0717465728521347, 0.0703376978635788, 0.06819180399179459, 0.0680546686053276, 0.06560231000185013, 0.06456629186868668, 0.06353075802326202, 0.06233511120080948, 0.06100248917937279, 0.06133754923939705, 0.058059461414813995, 0.06034935638308525, 0.05869773402810097, 0.058003611862659454, 0.05663513019680977, 0.05702880024909973, 0.05634148791432381, 0.054754409939050674, 0.054875973612070084, 0.05415056645870209, 0.05359836295247078, 0.053675778210163116, 0.05177298188209534, 0.05211116373538971, 0.05130121856927872, 0.05057339370250702, 0.05130753666162491, 0.05190857872366905, 0.049374885857105255, 0.04928254336118698, 0.056491583585739136, 0.04898310825228691, 0.048469316214323044, 0.04784129187464714, 0.04919164627790451, 0.04755154997110367, 0.048124853521585464, 0.04759320616722107, 0.046193137764930725, 0.04752111807465553, 0.04687168076634407, 0.04540358483791351, 0.04523630812764168, 0.04570756107568741, 0.04467999190092087, 0.04506520926952362, 0.04510456323623657, 0.04400104656815529, 0.044343460351228714, 0.04385523870587349, 0.04348700866103172, 0.043918676674366, 0.045112717896699905, 0.042869482189416885, 0.04302603378891945, 0.0429622083902359], 'accuracy': [0.928820788860321, 0.954565703868866, 0.962758481502533, 0.9665253758430481, 0.9698470234870911, 0.971574604511261, 0.9731419086456299, 0.9737653136253357, 0.9745578765869141, 0.9753682017326355, 0.975822389125824, 0.9763389229774475, 0.9765259027481079, 0.9777281284332275, 0.9777993559837341, 0.9776568412780762, 0.9782534837722778, 0.9788679480552673, 0.9785562753677368, 0.9790906310081482, 0.9789481163024902, 0.9799454808235168, 0.9794468283653259, 0.9798920750617981, 0.9801681041717529, 0.9804620146751404, 0.9808449149131775, 0.9804174900054932, 0.9807825684547424, 0.9807648062705994, 0.980996310710907, 0.9816820025444031, 0.9815039038658142, 0.9817087054252625, 0.9815127849578857, 0.9816107749938965, 0.9815395474433899, 0.9824567437171936, 0.9823766350746155, 0.9822786450386047, 0.9821628928184509, 0.9827061295509338, 0.9830801486968994, 0.9824033379554749, 0.9825725555419922, 0.9832760691642761, 0.9829376339912415, 0.9832760691642761, 0.9835342764854431, 0.983089029788971, 0.9838192462921143, 0.9840596914291382, 0.9837391376495361, 0.9839884638786316, 0.9836678504943848, 0.9839261174201965, 0.9840508103370667, 0.9841932654380798, 0.9847543239593506, 0.9843535423278809, 0.9842022061347961, 0.9843891859054565, 0.9845317006111145, 0.9848255515098572, 0.9849858283996582], 'val_loss': [], 'val_accuracy': [], 'f1_score': [0.5590287523556727, 0.6442731222142756, 0.7328180168668523, 0.8152195942553946, 0.8075575460731579, 0.8563820329940923, 0.8536675698980645, 0.8553460778349368, 0.8302047579031872, 0.8389460627693204, 0.8545489424853151, 0.8279474315658057, 0.8655233663077241, 0.8567143498369768, 0.8582890063981231, 0.8519893012138547, 0.8542720089370985, 0.8276109528523479, 0.8622840898656918, 0.85962442480305, 0.8868755753837323, 0.8748026469859016, 0.8610025179493095, 0.8659800798526438, 0.8642816615470595, 0.8569924668317636, 0.8846805368586852, 0.8794571536001147, 0.8838616510800552, 0.8742016612488546, 0.8425701644116904, 0.8720083369182822, 0.8381272793998615, 0.8937097747049632, 0.831694413291211, 0.855649532780862, 0.8631739839669668, 0.8638517057237258, 0.8650493242453539, 0.8277688626338526, 0.8566262744796584, 0.8748170211855851, 0.8764479867576926, 0.8750922614255866, 0.8823666473800095, 0.8817065234509053, 0.8822653344910344, 0.8735776260229152, 0.845255010721647, 0.8722168079387695, 0.8831999469254416, 0.8617058663662035, 0.8922859055807432, 0.8860141896677202, 0.8447107348488186, 0.8851743141388995, 0.8922381700899875, 0.8793825902976969, 0.8708069326185885, 0.8675341492856855, 0.8698653860292809, 0.8472772937638311, 0.873708152644924, 0.8569969287584348, 0.8696013618335521]}
