0.8801366165312428
              precision    recall  f1-score   support

           0       0.92      0.92      0.92       290
           1       0.83      0.85      0.84        40
           2       0.87      0.81      0.84       386
           3       0.98      0.98      0.98       718
           4       0.84      0.70      0.76       254
           5       0.95      0.93      0.94        60
           6       0.68      0.72      0.70        82
           7       1.00      0.91      0.95        11
           8       0.99      0.99      0.99     10699

    accuracy                           0.98     12540
   macro avg       0.89      0.87      0.88     12540
weighted avg       0.98      0.98      0.98     12540

[[  268     2     0     0     0     0     0     0    20]
 [    0    34     0     0     5     0     0     0     1]
 [    0     0   314     5    13     1     5     0    48]
 [    0     0     7   701     0     0     1     0     9]
 [    6     4    15     0   177     1     9     0    42]
 [    0     1     0     0     1    56     0     0     2]
 [    0     0     0     0     3     0    59     0    20]
 [    0     0     0     0     0     1     0    10     0]
 [   18     0    26     9    12     0    13     0 10621]]
{'loss': [0.2429230660200119, 0.13001291453838348, 0.10764080286026001, 0.09461977332830429, 0.08496653288602829, 0.07691731303930283, 0.0675944909453392, 0.061275120824575424, 0.05569862946867943, 0.05017531290650368, 0.04476451501250267, 0.040667787194252014, 0.034904755651950836, 0.03076353669166565, 0.025784200057387352, 0.02260924130678177, 0.018862418830394745, 0.016671547666192055, 0.014487757347524166, 0.012791579589247704, 0.011412451043725014, 0.011014971882104874, 0.009750059805810452, 0.008628536015748978, 0.008228003047406673, 0.007855769246816635, 0.0076084863394498825, 0.007437767460942268, 0.006630703341215849, 0.006056725513190031, 0.005858126096427441, 0.005722371395677328, 0.005351707339286804, 0.005177193321287632, 0.0045350478030741215, 0.005731561686843634, 0.004315219819545746], 'accuracy': [0.9366929531097412, 0.9615028500556946, 0.9666233062744141, 0.9691256880760193, 0.9717883467674255, 0.9736139178276062, 0.9766416549682617, 0.9786097407341003, 0.9803996682167053, 0.9818957448005676, 0.9837301969528198, 0.9848789572715759, 0.98709636926651, 0.9886903762817383, 0.9909344911575317, 0.9918784499168396, 0.9933032989501953, 0.9943096041679382, 0.9951021671295166, 0.9955207109451294, 0.9961440563201904, 0.9960283041000366, 0.9969009757041931, 0.9970434904098511, 0.9973462224006653, 0.9974530935287476, 0.9974887371063232, 0.9977380633354187, 0.9979161620140076, 0.9980675578117371, 0.9980853796005249, 0.9981210231781006, 0.9981655478477478, 0.9983258247375488, 0.9986374974250793, 0.9982011318206787, 0.9986553192138672], 'val_loss': [], 'val_accuracy': [], 'f1_score': [0.6553238898180516, 0.6481037117121711, 0.7530477064303837, 0.776431562577663, 0.7978066780575007, 0.8233449456381888, 0.7184987293921548, 0.8467287702455456, 0.8395570817752938, 0.846740832832949, 0.8631336914837734, 0.8673349843134273, 0.8767120833166939, 0.8132434641398039, 0.8712228535072267, 0.8622244761336035, 0.8647864914649204, 0.8734156678162547, 0.8559990237039069, 0.860483338837888, 0.8572301399577432, 0.8610026028529315, 0.8801366165312428, 0.8607388645230141, 0.862702238763006, 0.869487878830383, 0.8641706627009442, 0.835519720851499, 0.8596755163918507, 0.8644216721669811, 0.8467490698584285, 0.8534121771130514, 0.8495588086476629, 0.8661119926449437, 0.842618260806404, 0.8702581827872208, 0.871353209622037]}
