0.8224058979686664
              precision    recall  f1-score   support

           0       0.96      0.88      0.92       290
           1       0.70      0.82      0.76        40
           2       0.81      0.82      0.81       386
           3       0.96      0.98      0.97       718
           4       0.83      0.67      0.75       254
           5       0.72      0.82      0.77        60
           6       0.62      0.46      0.53        82
           7       0.91      0.91      0.91        11
           8       0.99      0.99      0.99     10699

    accuracy                           0.97     12540
   macro avg       0.83      0.82      0.82     12540
weighted avg       0.97      0.97      0.97     12540

[[  255     2     1     0     0     5     1     0    26]
 [    0    33     0     0     3     3     0     0     1]
 [    0     1   316    13     6     3     1     1    45]
 [    0     0     7   702     0     0     1     0     8]
 [    3    10    19     0   171     6     8     0    37]
 [    0     0     4     3     1    49     0     0     3]
 [    0     1     0     0     7     0    38     0    36]
 [    0     0     0     0     0     1     0    10     0]
 [    7     0    44    10    17     1    12     0 10608]]
{'loss': [0.21474787592887878, 0.13039137423038483, 0.11510096490383148, 0.10828283429145813, 0.10392894595861435, 0.09849674999713898, 0.09635119885206223, 0.09361962229013443, 0.08871735632419586, 0.08694340288639069, 0.08720733225345612, 0.08596672862768173, 0.08380904793739319, 0.08215973526239395, 0.08334262669086456], 'accuracy': [0.9427841305732727, 0.9600691199302673, 0.9639606475830078, 0.9649402499198914, 0.9659020304679871, 0.9677097797393799, 0.9684132933616638, 0.9691345691680908, 0.9706662893295288, 0.9709512591362, 0.9708977937698364, 0.9715567827224731, 0.9715835452079773, 0.9726966619491577, 0.972037672996521], 'val_loss': [], 'val_accuracy': [], 'f1_score': [0.6446790217416107, 0.7071273018330428, 0.7206288672393591, 0.7180172172374311, 0.731219844810311, 0.7842305084192702, 0.7328281005516885, 0.7965397115138483, 0.8131610142798826, 0.7943225450064144, 0.8224058979686664, 0.791009726251444, 0.8104703662942161, 0.785094076032008, 0.806915552201294]}
