0.8869180133665776
              precision    recall  f1-score   support

           0       0.89      0.95      0.92       290
           1       0.90      0.88      0.89        40
           2       0.79      0.89      0.83       386
           3       0.97      0.99      0.98       718
           4       0.77      0.81      0.79       254
           5       0.89      0.95      0.92        60
           6       0.64      0.82      0.72        82
           7       1.00      0.91      0.95        11
           8       0.99      0.98      0.99     10699

    accuracy                           0.97     12540
   macro avg       0.87      0.91      0.89     12540
weighted avg       0.98      0.97      0.97     12540

[[  275     1     3     0     2     1     0     0     8]
 [    0    35     0     1     3     1     0     0     0]
 [    0     0   343     7    13     0     1     0    22]
 [    0     0     5   708     0     0     0     0     5]
 [    7     2     9     0   206     1     8     0    21]
 [    1     0     0     0     1    57     0     0     1]
 [    0     0     0     0     4     0    67     0    11]
 [    0     0     1     0     0     0     0    10     0]
 [   27     1    75    14    38     4    29     0 10511]]
{'loss': [0.8406800627708435, 0.4233244061470032, 0.3404233753681183, 0.28879716992378235, 0.24848446249961853, 0.2211768478155136, 0.19775448739528656, 0.1832752823829651, 0.16726069152355194, 0.16208304464817047, 0.1510494202375412, 0.14342719316482544, 0.13741661608219147, 0.13161344826221466, 0.12658633291721344, 0.12177157402038574, 0.11932320147752762, 0.11333070695400238, 0.11056999862194061, 0.10697570443153381, 0.10367188602685928, 0.10116518288850784, 0.09778926521539688, 0.09627631306648254, 0.09317236393690109, 0.09064081311225891, 0.08819856494665146, 0.08587554842233658, 0.08444131165742874, 0.08290515094995499, 0.08049941807985306, 0.07820983231067657, 0.07733208686113358, 0.07454808056354523, 0.0731847956776619, 0.07190173119306564, 0.07041166722774506, 0.06832674890756607, 0.06668784469366074, 0.06544794887304306, 0.06400711089372635, 0.06163081154227257, 0.0617365762591362, 0.06090634688735008, 0.057840511202812195, 0.0571802519261837, 0.0561494454741478, 0.05497529357671738, 0.05454296991229057, 0.053133945912122726, 0.051166318356990814, 0.050763312727212906, 0.051061149686574936, 0.05023621395230293, 0.04676656424999237, 0.0475124716758728, 0.04544587805867195, 0.04662080109119415, 0.044741831719875336, 0.043324537575244904, 0.04345212131738663, 0.04287847504019737, 0.04115420579910278, 0.04083768278360367, 0.04170283302664757, 0.03866855055093765, 0.03801574185490608, 0.0368964858353138, 0.036804188042879105, 0.037125129252672195, 0.035432521253824234, 0.034426040947437286, 0.03358306735754013, 0.032108306884765625, 0.03396669030189514, 0.032510142773389816, 0.03292420879006386, 0.03176022693514824, 0.030860910192131996, 0.03104441799223423, 0.0299000833183527, 0.030204009264707565, 0.029650650918483734, 0.029934922233223915, 0.027429642155766487, 0.028174173086881638], 'accuracy': [0.6806111335754395, 0.8470666408538818, 0.8762221932411194, 0.8952111005783081, 0.9114221930503845, 0.9211111068725586, 0.9292333126068115, 0.9341555833816528, 0.9400444626808167, 0.9418777823448181, 0.945722222328186, 0.9479777812957764, 0.9506333470344543, 0.9523333311080933, 0.9536555409431458, 0.9556999802589417, 0.9559666514396667, 0.9580555558204651, 0.9589555263519287, 0.9603333473205566, 0.9611999988555908, 0.962411105632782, 0.9637888669967651, 0.9636889100074768, 0.9651111364364624, 0.9661666750907898, 0.9668222069740295, 0.96797776222229, 0.9682777523994446, 0.9688222408294678, 0.9696555733680725, 0.9703888893127441, 0.9706777930259705, 0.9713000059127808, 0.9724222421646118, 0.9725111126899719, 0.97397780418396, 0.9743777513504028, 0.9749000072479248, 0.9752222299575806, 0.975944459438324, 0.9769666790962219, 0.9763666391372681, 0.9764444231987, 0.9778777956962585, 0.9782778024673462, 0.9789888858795166, 0.9788888692855835, 0.9790444374084473, 0.9796222448348999, 0.9807666540145874, 0.9809888601303101, 0.9810666441917419, 0.9810110926628113, 0.9822999835014343, 0.9817666411399841, 0.9825999736785889, 0.9822777509689331, 0.9830555319786072, 0.9837333559989929, 0.9834666848182678, 0.9833555817604065, 0.9843222498893738, 0.9846888780593872, 0.9842333197593689, 0.9857333302497864, 0.9855666756629944, 0.9861778020858765, 0.9854666590690613, 0.9861222505569458, 0.9865666627883911, 0.9866555333137512, 0.9873889088630676, 0.9878000020980835, 0.9870111346244812, 0.9876333475112915, 0.9881777763366699, 0.9881222248077393, 0.9883888959884644, 0.9883000254631042, 0.9885666370391846, 0.9886888861656189, 0.9889777898788452, 0.9892333149909973, 0.9898222088813782, 0.9898222088813782], 'val_loss': [], 'val_accuracy': [], 'f1_score': [0.682501549653102, 0.755546005107922, 0.7541700357764147, 0.7917602974908848, 0.8075640202839064, 0.7646664450925372, 0.8215583331789541, 0.844133201098364, 0.8242451355620689, 0.8079792948625518, 0.8330664305203824, 0.8136495288207855, 0.8082186299740519, 0.7679580349017889, 0.8685267324315595, 0.8278712946647497, 0.7666207367034726, 0.8418967877769608, 0.8414716563598489, 0.870922774809938, 0.8309644182810976, 0.8583312339148546, 0.835740670912782, 0.8161816127496463, 0.836620458900566, 0.8481414818440238, 0.8361779061384569, 0.8220534552377217, 0.8454011273222892, 0.8574452653916504, 0.8760895912750053, 0.8441732579800835, 0.8462206927125704, 0.8256049475055366, 0.8474363070522906, 0.8675681977507986, 0.8520301151783568, 0.8556972353563589, 0.8759687066652018, 0.8407012259042353, 0.8730215484481516, 0.841776741064251, 0.8612517640795423, 0.8280538778672574, 0.8525694048607372, 0.8159783634908204, 0.8522892141740184, 0.8704173530530347, 0.8689315629555641, 0.8772178196905321, 0.8529601001973423, 0.8514531123448448, 0.8440742192627635, 0.8869180133665776, 0.8456623220983202, 0.8638553907159439, 0.8517866671998982, 0.8841717143599733, 0.859814877353973, 0.8538466030528035, 0.8792102985550887, 0.871632997727587, 0.847004166072572, 0.8625488071750715, 0.8535050800810134, 0.8483896677320533, 0.8726539612166484, 0.876805852727942, 0.8368647950064848, 0.8478469564158106, 0.8453554846984677, 0.8241017029227918, 0.8737480812439884, 0.8145025511980136, 0.8703440369323597, 0.8602804196917911, 0.863097071285146, 0.8577991688953505, 0.8693054308222047, 0.864586577226311, 0.8697317172668311, 0.8575348026383991, 0.8427792141800592, 0.8560267993276339, 0.8252182314346752, 0.8426535761932403]}
