0.8761879233559188
              precision    recall  f1-score   support

           0       0.88      0.92      0.90       290
           1       0.85      0.72      0.78        40
           2       0.90      0.75      0.82       386
           3       0.97      0.98      0.98       718
           4       0.81      0.69      0.75       254
           5       0.96      0.90      0.93        60
           6       0.74      0.73      0.74        82
           7       1.00      1.00      1.00        11
           8       0.99      0.99      0.99     10699

    accuracy                           0.98     12540
   macro avg       0.90      0.86      0.88     12540
weighted avg       0.97      0.98      0.97     12540

[[  268     1     0     0     0     0     0     0    21]
 [    2    29     1     1     5     0     2     0     0]
 [    0     0   290    12    15     2     0     0    67]
 [    0     0     4   706     0     0     0     0     8]
 [   24     3    12     0   176     0     7     0    32]
 [    2     0     0     0     1    54     0     0     3]
 [    0     1     0     0     1     0    60     0    20]
 [    0     0     0     0     0     0     0    11     0]
 [   10     0    15     8    18     0    12     0 10636]]
{'loss': [0.2420240342617035, 0.1391213834285736, 0.11525647342205048, 0.10308043658733368, 0.09566523134708405, 0.09002357721328735, 0.08832050859928131, 0.08590997755527496, 0.08438579738140106, 0.08247693628072739, 0.0815485492348671, 0.08326995372772217, 0.07796823978424072, 0.07887439429759979, 0.07659458369016647, 0.07661344856023788, 0.07766979187726974, 0.07723303139209747, 0.07828975468873978, 0.07474515587091446, 0.07602708041667938, 0.07620447874069214, 0.07484602928161621, 0.07581193745136261, 0.07298295199871063, 0.07477462291717529, 0.0722109004855156, 0.07373051345348358, 0.07376976311206818, 0.07070014625787735, 0.07464923709630966, 0.07387639582157135, 0.06953810155391693, 0.07552044838666916, 0.07143400609493256, 0.09214721620082855, 0.07108032703399658, 0.07227031141519547, 0.07203087955713272, 0.07632255554199219, 0.07391004264354706, 0.07104374468326569, 0.07352841645479202, 0.07127179950475693, 0.08331748843193054, 0.07323393225669861, 0.07524649053812027, 0.07201927900314331, 0.07612325996160507, 0.07998919486999512], 'accuracy': [0.9322047233581543, 0.9567385315895081, 0.9632304310798645, 0.9667479991912842, 0.9688050746917725, 0.9700161814689636, 0.9711650013923645, 0.9723761081695557, 0.9726610779762268, 0.9727946519851685, 0.9738365411758423, 0.9734892249107361, 0.9742372632026672, 0.9747003316879272, 0.9749853014945984, 0.9750298261642456, 0.9744865894317627, 0.9746469259262085, 0.9749051332473755, 0.9755997657775879, 0.9750298261642456, 0.9749764204025269, 0.9755997657775879, 0.975519597530365, 0.9761340618133545, 0.9753682017326355, 0.9760806560516357, 0.9756888151168823, 0.9762587547302246, 0.9768465161323547, 0.9764902591705322, 0.976125180721283, 0.9769444465637207, 0.975421667098999, 0.9768553972244263, 0.9763566851615906, 0.9769800901412964, 0.9764279723167419, 0.976347804069519, 0.976125180721283, 0.9767396450042725, 0.9773095846176147, 0.9767307043075562, 0.9767307043075562, 0.9759114384651184, 0.9766684174537659, 0.9753860235214233, 0.976445734500885, 0.9762231111526489, 0.9761697053909302], 'val_loss': [], 'val_accuracy': [], 'f1_score': [0.6311529122014717, 0.7305592364401163, 0.7443218313769964, 0.7832320572532308, 0.794292701239741, 0.8147260652477718, 0.8486253939006212, 0.8411637215609322, 0.861377818071589, 0.8500794275308327, 0.8449131913224769, 0.8307592861791047, 0.8288532662396839, 0.8185571230807985, 0.8452355506817104, 0.8570156622408954, 0.8761879233559188, 0.8224015431995185, 0.8523089876180985, 0.8660190268548816, 0.8657304152146976, 0.8150212949426925, 0.856156931039043, 0.8497616857789075, 0.8331284511869383, 0.8213027715151403, 0.8375676034901214, 0.8471680284954353, 0.8468347658755936, 0.8586534153348364, 0.8468591860774843, 0.8204756874455386, 0.8691677054918712, 0.8645045840008979, 0.8601964397413214, 0.8508155470588401, 0.8758697355142788, 0.8656877972438939, 0.8543234533339844, 0.8659572401682926, 0.844892017374636, 0.77062707197133, 0.841160628569511, 0.8189086871209839, 0.8589112404995124, 0.8505627306588913, 0.8381411130090419, 0.871647812633588, 0.8696591978096776, 0.8394934725964653]}
