0.8762235740645032
              precision    recall  f1-score   support

           0       0.81      0.96      0.88       290
           1       0.85      0.82      0.84        40
           2       0.76      0.89      0.82       386
           3       0.98      0.99      0.98       718
           4       0.63      0.85      0.72       254
           5       0.90      0.95      0.93        60
           6       0.72      0.76      0.74        82
           7       1.00      1.00      1.00        11
           8       0.99      0.97      0.98     10699

    accuracy                           0.97     12540
   macro avg       0.85      0.91      0.88     12540
weighted avg       0.97      0.97      0.97     12540

[[  278     1     1     0     1     0     0     0     9]
 [    0    33     0     1     4     1     1     0     0]
 [    1     1   345     5    15     0     0     0    19]
 [    0     0     6   708     0     0     0     0     4]
 [   11     4    10     0   215     1     3     0    10]
 [    1     0     0     0     2    57     0     0     0]
 [    0     0     0     0     6     0    62     0    14]
 [    0     0     0     0     0     0     0    11     0]
 [   53     0    91    12    99     4    20     0 10420]]
{'loss': [0.7534735202789307, 0.350432813167572, 0.24746377766132355, 0.20705023407936096, 0.18143685162067413, 0.16533447802066803, 0.15106834471225739, 0.1417752206325531, 0.1327671855688095, 0.12450168281793594, 0.1176079511642456, 0.11066357791423798, 0.10761696845293045, 0.10155568271875381, 0.09730533510446548, 0.09488267451524734, 0.09124760329723358, 0.08824581652879715, 0.0829535722732544, 0.08154178410768509, 0.07723537087440491, 0.07484664767980576, 0.07208158820867538, 0.07134024053812027, 0.06864180415868759, 0.0667005404829979, 0.06543882936239243, 0.06177523732185364, 0.06007886305451393, 0.05844859406352043, 0.05742621049284935, 0.053873416036367416, 0.052949853241443634, 0.05317751690745354, 0.05091661214828491, 0.0490303561091423, 0.04786146804690361, 0.0468667633831501, 0.044451601803302765], 'accuracy': [0.7162555456161499, 0.872688889503479, 0.9116666913032532, 0.9257000088691711, 0.9345889091491699, 0.9410666823387146, 0.9447888731956482, 0.9488222002983093, 0.9512666463851929, 0.9540555477142334, 0.9564999938011169, 0.9595333337783813, 0.95942223072052, 0.9625333547592163, 0.9643555283546448, 0.964733362197876, 0.9662111401557922, 0.9672555327415466, 0.9686222076416016, 0.9697333574295044, 0.9710777997970581, 0.9719777703285217, 0.9727110862731934, 0.9732666611671448, 0.9748666882514954, 0.9748555421829224, 0.9752888679504395, 0.9770333170890808, 0.9778444170951843, 0.9785222411155701, 0.9786777496337891, 0.9796666502952576, 0.9804111123085022, 0.9803555607795715, 0.9809444546699524, 0.9818000197410583, 0.9821777939796448, 0.9830777645111084, 0.9836778044700623], 'val_loss': [], 'val_accuracy': [], 'f1_score': [0.6424921817051226, 0.7570809058954745, 0.793163924246233, 0.8432721143925577, 0.8335743448962691, 0.8413129313807991, 0.8230205032799841, 0.7645721020043879, 0.8415996502093175, 0.8538147176031167, 0.8498862492220294, 0.8560079131903476, 0.8762235740645032, 0.8294384110470809, 0.8415163177760053, 0.8121366308689661, 0.8337555906313852, 0.8757835355769258, 0.7834541157608574, 0.8496142741149235, 0.8532014909265636, 0.8638304196009232, 0.8318995194543123, 0.8414851513170335, 0.864936728157734, 0.8647538994331264, 0.8654847577543328, 0.8527794921704157, 0.8552994644469627, 0.8708001260205006, 0.8457648609368702, 0.8411132346344075, 0.8464786352342011, 0.8361892032327792, 0.8537976907692709, 0.860264291114442, 0.8310232828485362, 0.8691759615140175, 0.8578909346963828]}
