0.9046385110833276
              precision    recall  f1-score   support

           0       0.96      0.88      0.92       290
           1       0.87      0.85      0.86        40
           2       0.91      0.82      0.86       386
           3       0.97      0.99      0.98       718
           4       0.84      0.80      0.82       254
           5       0.93      0.95      0.94        60
           6       0.88      0.68      0.77        82
           7       1.00      1.00      1.00        11
           8       0.99      0.99      0.99     10699

    accuracy                           0.98     12540
   macro avg       0.93      0.89      0.90     12540
weighted avg       0.98      0.98      0.98     12540

[[  256     1     0     0     6     2     0     0    25]
 [    0    34     0     0     4     1     0     0     1]
 [    0     0   317    13     9     0     0     0    47]
 [    0     0     3   712     0     0     0     0     3]
 [    7     3     8     0   203     0     3     0    30]
 [    0     1     0     0     1    57     0     0     1]
 [    0     0     0     0     6     0    56     0    20]
 [    0     0     0     0     0     0     0    11     0]
 [    3     0    22    11    13     1     5     0 10644]]
{'loss': [0.26316943764686584, 0.14435137808322906, 0.12027435004711151, 0.10638931393623352, 0.09691916406154633, 0.08657602220773697, 0.08062711358070374, 0.07721448689699173, 0.07384216785430908, 0.07086090743541718, 0.06825970113277435, 0.0673028901219368, 0.06588764488697052, 0.06472475826740265, 0.06290607154369354, 0.061924297362565994, 0.06164049729704857, 0.06039842963218689, 0.0588068850338459, 0.05787840858101845, 0.05763842910528183, 0.05615399032831192, 0.0560014545917511, 0.05552671477198601, 0.05452192202210426, 0.05455087870359421, 0.05400421842932701, 0.05272654816508293, 0.05238186568021774, 0.05340186506509781, 0.051789380609989166, 0.04948171600699425, 0.050896547734737396, 0.05032708868384361, 0.049148235470056534, 0.0492333322763443, 0.04946840927004814, 0.04799610376358032, 0.049353402107954025, 0.04709499329328537, 0.04671914130449295, 0.046161189675331116, 0.04601515829563141, 0.04649467393755913, 0.045491572469472885, 0.043970830738544464, 0.044609811156988144, 0.04432743415236473, 0.04479801282286644, 0.04380590096116066, 0.04341839998960495, 0.044237423688173294, 0.05167955160140991, 0.04303264617919922, 0.04275549575686455, 0.04177749902009964, 0.04154491052031517, 0.04069213196635246, 0.041134096682071686, 0.040580470114946365], 'accuracy': [0.9276007413864136, 0.9561330080032349, 0.9625982046127319, 0.9658752679824829, 0.9679769277572632, 0.9713163375854492, 0.9731775522232056, 0.9738276600837708, 0.9746647477149963, 0.9757778644561768, 0.976445734500885, 0.9770423769950867, 0.977113664150238, 0.9780843257904053, 0.9780486822128296, 0.9778705835342407, 0.9783247709274292, 0.9786720275878906, 0.979366660118103, 0.9797050356864929, 0.9797940850257874, 0.9800078272819519, 0.9799009561538696, 0.9799454808235168, 0.9805510640144348, 0.9806044697761536, 0.9808538556098938, 0.9817176461219788, 0.9812901616096497, 0.981361448764801, 0.9814504981040955, 0.982323169708252, 0.9815751314163208, 0.982385516166687, 0.9818066954612732, 0.9823944568634033, 0.9822074174880981, 0.982688307762146, 0.9822786450386047, 0.9827238917350769, 0.9832047820091248, 0.9830712080001831, 0.9832315444946289, 0.9828040599822998, 0.9833294749259949, 0.9838994145393372, 0.9838370680809021, 0.9838727116584778, 0.9841932654380798, 0.9839884638786316, 0.9841932654380798, 0.983917236328125, 0.9838637709617615, 0.9846919775009155, 0.9842556118965149, 0.9849947690963745, 0.9850481748580933, 0.9853776693344116, 0.9852975010871887, 0.9855735898017883], 'val_loss': [], 'val_accuracy': [], 'f1_score': [0.5670166977316775, 0.7063805945029202, 0.764474758665347, 0.727182835995821, 0.793128565606446, 0.8373606907062118, 0.8578838591634929, 0.852601366924637, 0.8536941941411633, 0.8584128652054326, 0.8673707056677658, 0.8752888519209859, 0.845122768833407, 0.8881740542298517, 0.8362167884361307, 0.8375902731544858, 0.8730304829523371, 0.8777960889838016, 0.8698178332278154, 0.8516823377159397, 0.8900660177722517, 0.8629148592206848, 0.8721635487257999, 0.8769226785316735, 0.8808045939025956, 0.8761021921345006, 0.8788682267459198, 0.8863371137106226, 0.9046385110833276, 0.8673770863069242, 0.8785253327620802, 0.881598426368285, 0.8750206829186822, 0.8672130324583502, 0.8766384424585538, 0.8928495411840464, 0.8788813899856848, 0.8799099715893226, 0.8642648328784767, 0.8571479394632632, 0.8868432723211854, 0.8849186872652585, 0.8719767042000194, 0.8813663190982562, 0.8857058716932564, 0.892801565955196, 0.8848839067094176, 0.8587714939223409, 0.8550538120232185, 0.840210442253776, 0.8635132845013713, 0.8607994221602312, 0.8760410702106908, 0.8823703814959423, 0.8837717744733878, 0.856729775278381, 0.8856609337349031, 0.8922056090223508, 0.8847075147815485, 0.8751177152613782]}
