0.8791388428858463
              precision    recall  f1-score   support

           0       0.93      0.90      0.91       290
           1       0.77      0.82      0.80        40
           2       0.91      0.80      0.85       386
           3       0.99      0.97      0.98       718
           4       0.77      0.75      0.76       254
           5       0.92      0.95      0.93        60
           6       0.82      0.66      0.73        82
           7       0.92      1.00      0.96        11
           8       0.99      1.00      0.99     10699

    accuracy                           0.98     12540
   macro avg       0.89      0.87      0.88     12540
weighted avg       0.98      0.98      0.98     12540

[[  260     1     0     0     9     2     0     0    18]
 [    1    33     0     0     4     0     1     0     1]
 [    0     0   310     5    16     2     1     1    51]
 [    0     0     8   698     0     1     0     0    11]
 [   14     7     7     0   191     0     3     0    32]
 [    0     2     0     0     0    57     0     0     1]
 [    0     0     0     0     7     0    54     0    21]
 [    0     0     0     0     0     0     0    11     0]
 [    6     0    17     3    20     0     7     0 10646]]
{'loss': [0.32815438508987427, 0.19961929321289062, 0.16438549757003784, 0.14257803559303284, 0.129855215549469, 0.11966326087713242, 0.11158137768507004, 0.1054297462105751, 0.09963971376419067, 0.09463778138160706, 0.08931458741426468, 0.08480752259492874, 0.07978136837482452, 0.07739635556936264, 0.07217077165842056, 0.0692075565457344, 0.06624770164489746, 0.06430120021104813, 0.06241059675812721, 0.0605427511036396, 0.05832068622112274, 0.055963095277547836, 0.05420882999897003, 0.05307895690202713, 0.050748638808727264, 0.049679286777973175, 0.04752898961305618, 0.0466957651078701, 0.04505378007888794, 0.043002426624298096, 0.0418049655854702, 0.03984787315130234, 0.03869599476456642, 0.0371207594871521, 0.035837069153785706, 0.033218611031770706, 0.031792644411325455, 0.031152570620179176, 0.028770873323082924, 0.027972914278507233, 0.026285549625754356, 0.025600429624319077, 0.023620596155524254, 0.022481022402644157, 0.021156808361411095, 0.019678005948662758, 0.017986511811614037, 0.017498331144452095, 0.016031643375754356, 0.01594688557088375, 0.014454783871769905, 0.013692733831703663, 0.012987850233912468, 0.011716199107468128, 0.011551698669791222, 0.011384144425392151, 0.010488227009773254, 0.009807015769183636, 0.009116919711232185, 0.00933967437595129, 0.009187901392579079, 0.008580250665545464], 'accuracy': [0.9136285185813904, 0.941662073135376, 0.9498904943466187, 0.9553938508033752, 0.9591251611709595, 0.9621083736419678, 0.9640319347381592, 0.9662760496139526, 0.9677543044090271, 0.9688941240310669, 0.9704525470733643, 0.9713252782821655, 0.9726966619491577, 0.9738187193870544, 0.9755730628967285, 0.9760361313819885, 0.9771225452423096, 0.9777548313140869, 0.978440523147583, 0.9789659380912781, 0.9795536994934082, 0.9805599451065063, 0.9810497164726257, 0.9811388254165649, 0.9820026159286499, 0.9824122190475464, 0.9829376339912415, 0.9831335544586182, 0.9838192462921143, 0.984175443649292, 0.9845317006111145, 0.9855557680130005, 0.9856359362602234, 0.9861880540847778, 0.9868737459182739, 0.9876930117607117, 0.9881739020347595, 0.9883876442909241, 0.9893583059310913, 0.9896788597106934, 0.9904981851577759, 0.9903734922409058, 0.990979015827179, 0.991807222366333, 0.9919853210449219, 0.9928758144378662, 0.9933300018310547, 0.993739664554596, 0.994060218334198, 0.9943273663520813, 0.9948527812957764, 0.9951644539833069, 0.9956720471382141, 0.9957878589630127, 0.9960283041000366, 0.9959036111831665, 0.9964735507965088, 0.9964913725852966, 0.9967674016952515, 0.9967228770256042, 0.9966338276863098, 0.9970256686210632], 'val_loss': [], 'val_accuracy': [], 'f1_score': [0.4791661024716225, 0.5872846496819732, 0.6086089217327829, 0.6672218962823557, 0.7177706497802451, 0.6535286652559726, 0.744441964645275, 0.7603062464609341, 0.7544090543031388, 0.7368104924906461, 0.7838130682258427, 0.8080246037973927, 0.7509835922189527, 0.8479518752641835, 0.8555563992377176, 0.8117423920149047, 0.853288216451381, 0.867574495990572, 0.8569586091113881, 0.8599809025686468, 0.8705778154685854, 0.8678986862577179, 0.8770446010383148, 0.8697247117488808, 0.8777755763356758, 0.8590328403060425, 0.8610024577470461, 0.8549689443070961, 0.8594365148595016, 0.8698543784224674, 0.8791388428858463, 0.8683489982936486, 0.8665153254165858, 0.8680699392861634, 0.8603109835719325, 0.8561674500389294, 0.8128889313779932, 0.8590059470831226, 0.8484654585962919, 0.8507446132120711, 0.8674523288613327, 0.853651877617199, 0.8516907998329527, 0.8647358387861528, 0.8699715234819735, 0.8703989834655671, 0.8660361108967638, 0.8643976939373839, 0.869571782459866, 0.8588547465869881, 0.8705719102143024, 0.8490612883347802, 0.8708258318899833, 0.8683487102284632, 0.8417313601405451, 0.8676014141617794, 0.8734756029900965, 0.8750947396216099, 0.8690075509076274, 0.8451220329093453, 0.8701829676365593, 0.8657032513916377]}
