0.8764580466985861
              precision    recall  f1-score   support

           0       0.92      0.92      0.92       290
           1       0.87      0.85      0.86        40
           2       0.79      0.85      0.82       386
           3       0.94      0.99      0.96       718
           4       0.78      0.81      0.79       254
           5       0.87      0.98      0.92        60
           6       0.50      0.82      0.62        82
           7       1.00      1.00      1.00        11
           8       0.99      0.98      0.99     10699

    accuracy                           0.97     12540
   macro avg       0.85      0.91      0.88     12540
weighted avg       0.97      0.97      0.97     12540

[[  267     1     0     0     2     1     0     0    19]
 [    0    34     0     1     3     1     1     0     0]
 [    0     0   329    20    11     1     4     0    21]
 [    0     0     2   713     0     0     0     0     3]
 [    5     4    11     0   205     1    11     0    17]
 [    0     0     0     0     1    59     0     0     0]
 [    0     0     0     0     1     0    67     0    14]
 [    0     0     0     0     0     0     0    11     0]
 [   18     0    73    28    40     5    51     0 10484]]
{'loss': [1.1844561100006104, 0.6972460150718689, 0.5400096774101257, 0.4717608392238617, 0.42263850569725037, 0.38116422295570374, 0.34646549820899963, 0.31643620133399963, 0.2944502532482147, 0.2694509029388428, 0.2514091432094574, 0.23693175613880157, 0.2248089462518692, 0.2172829657793045, 0.2066844403743744, 0.20043428242206573, 0.19245827198028564, 0.18488505482673645, 0.1796988993883133, 0.17439450323581696, 0.1697937548160553, 0.1655505895614624, 0.1620086431503296, 0.15758270025253296, 0.1537664234638214, 0.1489173173904419, 0.14816492795944214, 0.14521536231040955, 0.14196926355361938, 0.13868260383605957, 0.13710112869739532, 0.13531453907489777, 0.1303611695766449, 0.13119499385356903, 0.12854261696338654, 0.1256885826587677, 0.12400612235069275, 0.12216494977474213, 0.1183866411447525, 0.11924298852682114, 0.11539463698863983, 0.11490517854690552, 0.11260189861059189, 0.11307332664728165, 0.11199872940778732, 0.10848402976989746, 0.10488143563270569, 0.1056414395570755, 0.10552319884300232, 0.102155402302742, 0.10146796703338623, 0.1015593409538269, 0.10081350803375244, 0.09846623241901398, 0.09743932634592056, 0.09758853912353516, 0.09481843560934067, 0.09472059458494186, 0.09283197671175003, 0.09080353379249573, 0.09138558059930801, 0.08840715885162354, 0.08870614320039749, 0.08827756345272064, 0.08695279061794281, 0.08613096177577972, 0.08639287203550339, 0.08423759043216705, 0.08480113744735718, 0.08279018849134445, 0.08397959917783737, 0.08002161234617233], 'accuracy': [0.5422999858856201, 0.7469888925552368, 0.8069777488708496, 0.8318889141082764, 0.8502222299575806, 0.8650222420692444, 0.8767889142036438, 0.8896555304527283, 0.8985666632652283, 0.9068222045898438, 0.9123777747154236, 0.9176333546638489, 0.9221333265304565, 0.9256777763366699, 0.9282000064849854, 0.9302889108657837, 0.9327444434165955, 0.9350888729095459, 0.9367444515228271, 0.9390000104904175, 0.939122200012207, 0.9414666891098022, 0.9431222081184387, 0.9438999891281128, 0.9452555775642395, 0.9469777941703796, 0.9477666616439819, 0.9487777948379517, 0.9492444396018982, 0.949999988079071, 0.9509666562080383, 0.9509111046791077, 0.9532111287117004, 0.9532444477081299, 0.9532666802406311, 0.9543889164924622, 0.9555888772010803, 0.9552888870239258, 0.9569110870361328, 0.9566333293914795, 0.9575555324554443, 0.9579444527626038, 0.9588666558265686, 0.958477795124054, 0.959755539894104, 0.960433304309845, 0.9619555473327637, 0.9614222049713135, 0.9617666602134705, 0.9623555541038513, 0.9630777835845947, 0.9626666903495789, 0.9640111327171326, 0.9638110995292664, 0.964544415473938, 0.9643111228942871, 0.9644333124160767, 0.9652000069618225, 0.9656333327293396, 0.9667778015136719, 0.966355562210083, 0.9669111371040344, 0.9672333598136902, 0.9671777486801147, 0.9680444598197937, 0.9683444499969482, 0.9684110879898071, 0.9693999886512756, 0.9687222242355347, 0.9693666696548462, 0.9689666628837585, 0.9707666635513306], 'val_loss': [], 'val_accuracy': [], 'f1_score': [0.584684757169056, 0.7120750357203478, 0.700171379201353, 0.7075851598546055, 0.7365828545687959, 0.7831514105637662, 0.775113730049905, 0.6950371898488807, 0.8077039536684998, 0.7920075600503592, 0.7816221779870244, 0.8236886903605042, 0.8218232306751478, 0.8143101895741917, 0.8532808855379913, 0.8102991095597765, 0.8483271301344604, 0.7978785732927427, 0.8313962572590937, 0.7743486475099686, 0.869753415406104, 0.8321369026901864, 0.8257053176148571, 0.837636850775005, 0.8188986836386394, 0.8407224095390003, 0.8553943136551487, 0.83243849166237, 0.8527741936456613, 0.8222781889306363, 0.8287203362806532, 0.8186279128112629, 0.8260992417863832, 0.8142948975496894, 0.8512193104085461, 0.8605186590909368, 0.8364561681751085, 0.8541826091694605, 0.8527350473392329, 0.8599743981815982, 0.8404776212534036, 0.8466441167348056, 0.8554307771979838, 0.8758369674835655, 0.8518662310725057, 0.8442045076260649, 0.8764580466985861, 0.8620486128907188, 0.8558039411955709, 0.8678781366084283, 0.8562623958150073, 0.87194256417635, 0.8207546578450201, 0.8499994950028772, 0.8482971908384753, 0.8604888482426427, 0.8615424056599911, 0.8035338006798182, 0.8708090621028437, 0.851536751310487, 0.8661565270432932, 0.8474719588218631, 0.8528410325200619, 0.8600093409636247, 0.8304630934229688, 0.8375753750565514, 0.8472419235718788, 0.8651640575961541, 0.8252362756884289, 0.8452842890676061, 0.8613879661306542, 0.8622777771446821]}
