0.8595286130920358
              precision    recall  f1-score   support

           0       0.87      0.94      0.90       290
           1       0.93      0.65      0.76        40
           2       0.81      0.82      0.81       386
           3       0.97      0.98      0.98       718
           4       0.76      0.74      0.75       254
           5       0.84      0.98      0.91        60
           6       0.58      0.82      0.68        82
           7       1.00      0.91      0.95        11
           8       0.99      0.98      0.99     10699

    accuracy                           0.97     12540
   macro avg       0.86      0.87      0.86     12540
weighted avg       0.97      0.97      0.97     12540

[[  274     1     0     0     1     2     1     0    11]
 [    2    26     0     1     5     3     3     0     0]
 [    0     0   316     5    22     1     5     0    37]
 [    0     0     7   707     0     0     0     0     4]
 [   15     1     8     0   188     1     9     0    32]
 [    0     0     0     0     0    59     0     0     1]
 [    0     0     0     0     1     0    67     0    14]
 [    0     0     1     0     0     0     0    10     0]
 [   25     0    59    17    31     4    30     0 10533]]
{'loss': [0.6646921038627625, 0.2894328236579895, 0.22746479511260986, 0.19483229517936707, 0.17132356762886047, 0.15917687118053436, 0.14224886894226074, 0.1312890350818634, 0.12273306399583817, 0.11348716169595718, 0.1020367220044136, 0.09424148499965668, 0.08693230152130127, 0.08188701421022415, 0.07526687532663345, 0.06809695810079575, 0.06362573802471161, 0.062228504568338394, 0.05916914716362953, 0.05198683217167854, 0.05413280054926872, 0.049301113933324814, 0.04861871153116226, 0.04609723389148712, 0.04407718777656555, 0.04136952385306358, 0.041108980774879456, 0.045049507170915604, 0.038353726267814636, 0.03918460011482239, 0.03584495559334755, 0.037230707705020905, 0.03740450739860535, 0.037756603211164474, 0.03970075771212578, 0.03448764607310295, 0.034557003527879715, 0.032648444175720215, 0.0360804945230484, 0.03268151730298996, 0.037798937410116196, 0.03081679157912731, 0.03479262441396713, 0.03058655373752117, 0.0361970029771328, 0.03316227346658707, 0.03674260899424553], 'accuracy': [0.7514111399650574, 0.8984000086784363, 0.9205889105796814, 0.931755542755127, 0.93913334608078, 0.9448888897895813, 0.9491444230079651, 0.953677773475647, 0.9566888809204102, 0.9603000283241272, 0.9639555811882019, 0.9669111371040344, 0.9691888689994812, 0.9717110991477966, 0.9733999967575073, 0.9761777520179749, 0.9781222343444824, 0.979033350944519, 0.9799888730049133, 0.9816555380821228, 0.9823111295700073, 0.9837444424629211, 0.9845888614654541, 0.9851666688919067, 0.9857666492462158, 0.9865888953208923, 0.9873444437980652, 0.9863555431365967, 0.9882888793945312, 0.9880222082138062, 0.988777756690979, 0.9884889125823975, 0.9890000224113464, 0.9888222217559814, 0.9879666566848755, 0.9898333549499512, 0.9897222518920898, 0.9908444285392761, 0.9893222451210022, 0.9906111359596252, 0.990077793598175, 0.9915000200271606, 0.9902777671813965, 0.9914000034332275, 0.9901666641235352, 0.9907444715499878, 0.9900000095367432], 'val_loss': [], 'val_accuracy': [], 'f1_score': [0.7184237852938723, 0.8041037203709739, 0.8177913093661378, 0.8307181600851341, 0.8332647423229753, 0.8314307886844943, 0.77159350181496, 0.8595286130920358, 0.84752055451089, 0.802337078452517, 0.8341286382589549, 0.8500379562953064, 0.827758014101735, 0.7567986610435723, 0.8372587623788075, 0.842408471544156, 0.8396589550842306, 0.8229570323623505, 0.8272196729645471, 0.8094290361364469, 0.852957579518559, 0.8428898395698529, 0.8175574832962231, 0.8205604527758291, 0.8435429855783217, 0.8309045970590961, 0.8485700969308763, 0.8156303426398659, 0.8536511252198081, 0.8474886098655919, 0.8548323478049391, 0.8205007491376347, 0.8250020807879017, 0.8227309866553472, 0.8387767575966725, 0.8200323177728418, 0.8504576427819537, 0.8365442151343695, 0.8408723073330595, 0.8320575014884766, 0.8121388969970844, 0.8337807052067197, 0.8032206649922781, 0.8370207578608297, 0.8530956080738485, 0.8371861961974745, 0.8261099281136091]}
