0.8680659687565366
              precision    recall  f1-score   support

           0       0.84      0.94      0.89       290
           1       0.88      0.88      0.88        40
           2       0.73      0.89      0.80       386
           3       0.97      0.99      0.98       718
           4       0.75      0.79      0.77       254
           5       0.84      0.98      0.91        60
           6       0.54      0.82      0.65        82
           7       0.92      1.00      0.96        11
           8       0.99      0.98      0.98     10699

    accuracy                           0.97     12540
   macro avg       0.83      0.92      0.87     12540
weighted avg       0.97      0.97      0.97     12540

[[  274     1     1     0     4     1     0     0     9]
 [    0    35     0     0     3     2     0     0     0]
 [    0     0   342     5    15     2     3     0    19]
 [    0     0     5   708     0     1     0     0     4]
 [   10     4    12     0   200     0     6     1    21]
 [    1     0     0     0     0    59     0     0     0]
 [    0     0     0     0     4     0    67     0    11]
 [    0     0     0     0     0     0     0    11     0]
 [   43     0   106    15    40     5    48     0 10442]]
{'loss': [0.9877085089683533, 0.5972611904144287, 0.49913278222084045, 0.4329872727394104, 0.38136422634124756, 0.3445010781288147, 0.31973692774772644, 0.29447731375694275, 0.27671343088150024, 0.25737038254737854, 0.24237528443336487, 0.22577030956745148, 0.2131028175354004, 0.20046833157539368, 0.19042152166366577, 0.17837008833885193, 0.1712661236524582, 0.16287671029567719, 0.15626227855682373, 0.149825319647789, 0.14366959035396576, 0.13964462280273438, 0.13295063376426697, 0.12837262451648712, 0.1243036761879921, 0.12134570628404617, 0.11764142662286758, 0.11235009878873825, 0.10970465838909149, 0.1052519828081131, 0.10276394337415695, 0.10060949623584747, 0.09736836701631546, 0.09472088515758514, 0.09305819123983383, 0.08932344615459442, 0.08814436942338943, 0.08458101004362106, 0.08150184154510498, 0.07853568345308304, 0.07734120637178421, 0.07501013576984406, 0.07298436015844345, 0.07189860194921494, 0.07053978741168976, 0.06775517761707306, 0.06564885377883911, 0.06415466219186783, 0.06314591318368912, 0.05979817733168602, 0.05889372155070305, 0.056774821132421494, 0.0566040575504303, 0.054293423891067505, 0.05291840806603432, 0.051878899335861206, 0.04972811043262482, 0.049764443188905716, 0.04766097664833069, 0.04607505351305008, 0.045360565185546875, 0.04472855478525162, 0.04313388839364052, 0.041485149413347244, 0.04031377285718918, 0.04091619327664375, 0.038192663341760635, 0.03723875433206558, 0.03646387159824371, 0.035644546151161194, 0.034484367817640305, 0.03320327028632164, 0.03297768533229828, 0.0320223793387413, 0.03106127865612507, 0.03121155872941017, 0.028348708525300026, 0.02947925589978695, 0.02784937061369419, 0.027621105313301086, 0.026281578466296196, 0.026197463274002075, 0.02495875395834446, 0.024539045989513397, 0.02433653734624386, 0.022744344547390938, 0.02276758849620819, 0.02253662422299385, 0.02253069169819355, 0.02149779163300991, 0.019078435376286507, 0.020474817603826523, 0.01931644231081009, 0.019709475338459015, 0.016825316473841667, 0.017024463042616844, 0.019271988421678543, 0.017406722530722618, 0.016661450266838074, 0.016070477664470673, 0.01695878617465496, 0.01686067134141922, 0.015123656019568443, 0.015214970335364342, 0.01437393669039011], 'accuracy': [0.6262221932411194, 0.7818889021873474, 0.8160777688026428, 0.8392333388328552, 0.8611444234848022, 0.8720889091491699, 0.881600022315979, 0.891177773475647, 0.8977333307266235, 0.9046333432197571, 0.9104222059249878, 0.917044460773468, 0.9210666418075562, 0.9262111186981201, 0.9296444654464722, 0.9340555667877197, 0.936822235584259, 0.9397777915000916, 0.9425666928291321, 0.9455778002738953, 0.9475222229957581, 0.9478999972343445, 0.9511666893959045, 0.9524000287055969, 0.9542333483695984, 0.9553666710853577, 0.9562110900878906, 0.957955539226532, 0.9586555361747742, 0.9607555270195007, 0.9611666798591614, 0.9616777896881104, 0.9636777639389038, 0.9640222191810608, 0.9653444290161133, 0.9662222266197205, 0.9661222100257874, 0.9687888622283936, 0.9687888622283936, 0.9707221984863281, 0.9705111384391785, 0.9712777733802795, 0.9726555347442627, 0.9725888967514038, 0.9734777808189392, 0.9743666648864746, 0.9754889011383057, 0.975433349609375, 0.9765111207962036, 0.9777777791023254, 0.9774110913276672, 0.9783999919891357, 0.9789111018180847, 0.9797444343566895, 0.9803555607795715, 0.9810666441917419, 0.9813888669013977, 0.9815889000892639, 0.9825555682182312, 0.9825222492218018, 0.9830777645111084, 0.9829333424568176, 0.9837666749954224, 0.9842444658279419, 0.9851222038269043, 0.9849333167076111, 0.9855999946594238, 0.986133337020874, 0.9862444400787354, 0.9868555665016174, 0.9871222376823425, 0.9873889088630676, 0.9880666732788086, 0.9883888959884644, 0.988788902759552, 0.9882000088691711, 0.9895444512367249, 0.9893777966499329, 0.9898889064788818, 0.9897111058235168, 0.9900888800621033, 0.9904888868331909, 0.990588903427124, 0.9910444617271423, 0.9912889003753662, 0.9917111396789551, 0.9919777512550354, 0.9917666912078857, 0.9919333457946777, 0.992377758026123, 0.9934444427490234, 0.9930889010429382, 0.9933444261550903, 0.9930444359779358, 0.9937999844551086, 0.9941111207008362, 0.9930999875068665, 0.9939555525779724, 0.9941222071647644, 0.994255542755127, 0.9942444562911987, 0.9941666722297668, 0.9945111274719238, 0.9946222305297852, 0.9946333169937134], 'val_loss': [], 'val_accuracy': [], 'f1_score': [0.5919644830647597, 0.6902361116668462, 0.7161416022119516, 0.7226733772791316, 0.7308088698944837, 0.7520757211392683, 0.7535522758376431, 0.7700938327051366, 0.747914300392809, 0.7534297971066032, 0.7676631524658357, 0.8048137427103326, 0.8100072803813959, 0.7840123666720964, 0.7560906383518095, 0.776196856314631, 0.8239630145881481, 0.8266295571651618, 0.7988800648528269, 0.7873890699837565, 0.8087843321494254, 0.8149083854006114, 0.7947493015866791, 0.8357330448701716, 0.8214594428487201, 0.8219231051019604, 0.8479271130381164, 0.8128532243620298, 0.8287353622673724, 0.836995604428663, 0.8199412186483122, 0.8504689940730039, 0.8405600613376224, 0.8350363581508546, 0.8440380109268474, 0.8054951837366806, 0.8621042489323059, 0.8545979124067499, 0.8464804931962309, 0.8161861711383875, 0.8361520612594977, 0.8402343315419852, 0.8165484297265748, 0.8164563118410595, 0.8174443640121692, 0.8090060822149326, 0.8277886932531131, 0.8267021234316928, 0.8439868594399705, 0.825305060742804, 0.8488496510068081, 0.8334133565857464, 0.8568533839678787, 0.8361102603490792, 0.8074395801832878, 0.8352874536582804, 0.8640101618143473, 0.8452593944521287, 0.8283984236703483, 0.8164278836790533, 0.8264888497685576, 0.828779900614849, 0.8323977491458947, 0.8497396646390825, 0.8603643239540472, 0.8680659687565366, 0.8631785790075643, 0.8088272376171953, 0.8564022682488951, 0.8022289701218284, 0.8307262828852202, 0.8543017527312639, 0.8244024860536144, 0.8485336572360267, 0.8472545966539304, 0.8572925381760249, 0.8281666333793855, 0.8356526716996999, 0.8474275430729761, 0.8018843179751634, 0.8340438020055722, 0.8299503659985046, 0.8499138171282312, 0.8457372005197017, 0.8557496205942433, 0.8402679188104256, 0.8448874027699875, 0.8441214137158981, 0.8359320370101672, 0.8477779576520444, 0.8491362554261994, 0.8524548878050958, 0.8356416075785769, 0.8241586521635419, 0.8421357719971533, 0.840914160714514, 0.8401207310028044, 0.8602163028580767, 0.8548208394399128, 0.8599765441618379, 0.8447916470398258, 0.8426933030740109, 0.8457326271422385, 0.8577589641108478, 0.8475263525978285]}
